2
2658
0 2
44 4 0
29.5036 3.49985 1
0 2
84 4 0
69.7642 0.477416 1
0 2
92 4 0
77.8017 0.540065 1
0 2
100 4 0
86.0352 0.798116 1
0 2
108 4 0
94.0397 0.817368 1
0 2
116 4 0
102.047 0.694533 1
0 2
132 4 0
118.359 0.979422 1
0 2
140 4 0
126.362 1.03009 1
0 2
148 4 0
134.48 1.20808 1
0 2
156 4 0
142.525 1.39253 1
0 2
164 4 0
150.527 1.38973 1
0 2
180 4 0
166.656 1.55084 1
0 2
188 4 0
174.695 1.50365 1
0 2
196 4 0
182.919 1.76851 1
0 2
204 4 0
190.939 1.83951 1
0 2
212 4 0
198.944 1.84287 1
0 2
220 4 0
206.948 1.84791 1
0 2
228 4 0
215.057 2.07529 1
0 2
236 4 0
223.142 2.49788 1
0 2
244 4 0
230.964 2.53915 1
0 2
252 4 0
239.129 2.10029 1
0 2
260 4 0
247.129 2.25014 1
0 2
284 4 0
271.225 2.50187 1
0 2
292 4 0
279.235 2.50967 1
0 2
300 4 0
287.282 2.65671 1
0 2
308 4 0
295.409 2.76275 1
0 2
316 4 0
303.409 2.92352 1
0 2
324 4 0
311.228 2.83113 1
0 2
332 4 0
319.257 2.88338 1
0 2
340 4 0
327.246 2.86775 1
0 2
348 4 0
335.24 2.88389 1
0 2
356 4 0
343.263 2.8973 1
0 2
364 4 0
351.283 2.96685 1
0 2
372 4 0
359.245 3.01888 1
0 2
380 4 0
367.129 3.27252 1
0 2
388 4 0
375.109 3.29551 1
0 2
396 4 0
383.056 3.37946 1
0 2
404 4 0
391.053 3.51203 1
0 2
412 4 0
399.07 3.53128 1
0 2
452 4 0
439.155 3.866 1
0 2
460 4 0
446.999 3.92591 1
0 2
540 4 0
526.47 4.54581 1
0 2
548 4 0
534.356 4.64056 1
0 2
556 4 0
542.265 4.71339 1
0 2
612 4 0
597.643 5.16949 1
0 2
36 12 0
21.0273 8.43598 1
0 2
44 12 0
29.1283 8.32306 1
0 2
52 12 0
37.2793 8.31463 1
0 2
60 12 0
45.4493 8.40197 1
0 2
68 12 0
53.6614 8.48187 1
0 2
76 12 0
61.7671 8.4808 1
0 2
84 12 0
69.7705 8.48374 1
0 2
92 12 0
77.841 8.68778 1
0 2
100 12 0
85.9637 8.73742 1
0 2
108 12 0
94.0465 8.85219 1
0 2
116 12 0
102.085 8.92383 1
0 2
124 12 0
110.24 9.03085 1
0 2
132 12 0
118.339 9.02313 1
0 2
140 12 0
126.455 9.18505 1
0 2
148 12 0
134.469 9.26744 1
0 2
156 12 0
142.509 9.3299 1
0 2
164 12 0
150.523 9.38038 1
0 2
172 12 0
158.63 9.52369 1
0 2
180 12 0
166.654 9.5573 1
0 2
188 12 0
174.728 9.59452 1
0 2
196 12 0
182.917 9.7743 1
0 2
204 12 0
190.916 9.78542 1
0 2
212 12 0
198.916 9.80782 1
0 2
220 12 0
206.945 9.87323 1
0 2
228 12 0
214.963 9.96295 1
0 2
236 12 0
222.94 10.0246 1
0 2
244 12 0
231.042 10.0465 1
0 2
252 12 0
239.121 10.0937 1
0 2
260 12 0
247.135 10.1166 1
0 2
268 12 0
255.125 10.2689 1
0 2
276 12 0
263.189 10.387 1
0 2
284 12 0
271.199 10.4078 1
0 2
292 12 0
279.227 10.4844 1
0 2
300 12 0
287.254 10.5465 1
0 2
308 12 0
295.271 10.5877 1
0 2
316 12 0
303.25 10.7118 1
0 2
324 12 0
311.237 10.7173 1
0 2
332 12 0
319.272 10.7721 1
0 2
340 12 0
327.244 10.8632 1
0 2
348 12 0
335.247 10.8733 1
0 2
356 12 0
343.254 10.8867 1
0 2
364 12 0
351.263 10.9356 1
0 2
372 12 0
359.217 11.0633 1
0 2
380 12 0
367.152 11.2476 1
0 2
388 12 0
375.113 11.2451 1
0 2
396 12 0
383.099 11.3524 1
0 2
404 12 0
391.066 11.4423 1
0 2
412 12 0
399.056 11.5107 1
0 2
420 12 0
407.053 11.5269 1
0 2
540 12 0
526.392 12.5174 1
0 2
548 12 0
534.295 12.6664 1
0 2
556 12 0
542.264 12.7133 1
0 2
596 12 0
581.836 12.9322 1
0 2
604 12 0
589.721 13.1504 1
0 2
612 12 0
597.661 13.1569 1
0 2
36 20 0
21.013 16.3475 1
0 2
44 20 0
29.1398 16.2955 1
0 2
52 20 0
37.2775 16.3996 1
0 2
60 20 0
45.4415 16.4567 1
0 2
68 20 0
53.6631 16.5276 1
0 2
76 20 0
61.7695 16.512 1
0 2
84 20 0
69.8546 16.5279 1
0 2
92 20 0
77.8391 16.7662 1
0 2
100 20 0
85.9236 16.785 1
0 2
108 20 0
94.0663 16.9107 1
0 2
116 20 0
102.086 16.9306 1
0 2
124 20 0
110.235 16.9905 1
0 2
132 20 0
118.301 17.0439 1
0 2
140 20 0
126.45 17.2567 1
0 2
148 20 0
134.467 17.3005 1
0 2
156 20 0
142.5 17.3699 1
0 2
164 20 0
150.515 17.3863 1
0 2
172 20 0
158.552 17.4899 1
0 2
180 20 0
166.639 17.5824 1
0 2
188 20 0
174.734 17.6019 1
0 2
196 20 0
182.811 17.6246 1
0 2
204 20 0
190.896 17.7901 1
0 2
212 20 0
198.923 17.8447 1
0 2
220 20 0
206.932 17.8757 1
0 2
228 20 0
214.937 17.9289 1
0 2
236 20 0
222.947 18.0168 1
0 2
244 20 0
230.951 18.018 1
0 2
252 20 0
239.012 18.0705 1
0 2
260 20 0
247.045 18.2477 1
0 2
268 20 0
255.107 18.3155 1
0 2
276 20 0
263.144 18.3853 1
0 2
284 20 0
271.191 18.4188 1
0 2
292 20 0
279.232 18.4893 1
0 2
300 20 0
287.288 18.55 1
0 2
308 20 0
295.273 18.5931 1
0 2
316 20 0
303.234 18.6972 1
0 2
324 20 0
311.239 18.7093 1
0 2
332 20 0
319.242 18.7735 1
0 2
340 20 0
327.238 18.8758 1
0 2
348 20 0
335.243 18.8826 1
0 2
356 20 0
343.255 18.8845 1
0 2
364 20 0
351.209 19.0225 1
0 2
372 20 0
359.172 19.1452 1
0 2
380 20 0
367.122 19.2203 1
0 2
388 20 0
375.06 19.2464 1
0 2
396 20 0
383.072 19.2784 1
0 2
404 20 0
391.067 19.4512 1
0 2
412 20 0
399.047 19.4992 1
0 2
508 20 0
494.679 20.2114 1
0 2
516 20 0
502.669 20.2253 1
0 2
524 20 0
510.607 20.2791 1
0 2
540 20 0
526.46 20.4513 1
0 2
548 20 0
534.331 20.6272 1
0 2
556 20 0
542.255 20.7103 1
0 2
564 20 0
550.215 20.7695 1
0 2
572 20 0
558.083 20.8234 1
0 2
604 20 0
589.828 20.9409 1
0 2
612 20 0
597.689 21.0891 1
0 2
28 28 0
12.9658 24.3218 1
0 2
36 28 0
21.0556 24.2924 1
0 2
44 28 0
29.0488 24.3137 1
0 2
52 28 0
37.3828 24.3631 1
0 2
60 28 0
45.4494 24.5293 1
0 2
68 28 0
53.5718 24.6259 1
0 2
76 28 0
61.7623 24.6891 1
0 2
84 28 0
69.8006 24.7249 1
0 2
92 28 0
77.8343 24.8834 1
0 2
100 28 0
85.9592 24.9465 1
0 2
108 28 0
94.033 24.9979 1
0 2
116 28 0
102.083 24.9629 1
0 2
124 28 0
110.238 25.0456 1
0 2
132 28 0
118.316 25.1244 1
0 2
140 28 0
126.47 25.334 1
0 2
148 28 0
134.478 25.3293 1
0 2
156 28 0
142.499 25.371 1
0 2
164 28 0
150.493 25.4678 1
0 2
172 28 0
158.531 25.5858 1
0 2
180 28 0
166.618 25.6338 1
0 2
188 28 0
174.669 25.64 1
0 2
196 28 0
182.766 25.6606 1
0 2
204 28 0
190.808 25.7317 1
0 2
212 28 0
198.912 25.8642 1
0 2
220 28 0
206.928 25.8951 1
0 2
228 28 0
214.902 25.9726 1
0 2
236 28 0
222.926 26.0192 1
0 2
244 28 0
230.954 26.037 1
0 2
252 28 0
238.997 26.1073 1
0 2
260 28 0
247.006 26.2859 1
0 2
268 28 0
255.023 26.3519 1
0 2
276 28 0
263.085 26.3827 1
0 2
284 28 0
271.099 26.4712 1
0 2
292 28 0
279.152 26.5355 1
0 2
300 28 0
287.17 26.5615 1
0 2
308 28 0
295.221 26.6724 1
0 2
316 28 0
303.231 26.7211 1
0 2
324 28 0
311.241 26.7453 1
0 2
332 28 0
319.247 26.7567 1
0 2
340 28 0
327.232 26.8696 1
0 2
348 28 0
335.234 26.8863 1
0 2
356 28 0
343.231 26.9068 1
0 2
364 28 0
351.149 27.0699 1
0 2
372 28 0
359.121 27.1356 1
0 2
380 28 0
367.08 27.2447 1
0 2
388 28 0
375.05 27.2456 1
0 2
396 28 0
383.077 27.3108 1
0 2
404 28 0
391.054 27.4263 1
0 2
412 28 0
399.012 27.4863 1
0 2
516 28 0
502.618 28.2599 1
0 2
524 28 0
510.511 28.3432 1
0 2
532 28 0
518.48 28.3894 1
0 2
548 28 0
534.349 28.615 1
0 2
556 28 0
542.237 28.6631 1
0 2
564 28 0
550.169 28.7246 1
0 2
572 28 0
558.048 28.7468 1
0 2
604 28 0
589.781 28.9372 1
0 2
28 36 0
12.9133 32.2718 1
0 2
36 36 0
21.0234 32.3488 1
0 2
44 36 0
29.0341 32.3678 1
0 2
52 36 0
37.4281 32.5188 1
0 2
60 36 0
45.4453 32.5546 1
0 2
68 36 0
53.548 32.7287 1
0 2
76 36 0
61.7637 32.7729 1
0 2
84 36 0
69.7705 32.7585 1
0 2
92 36 0
77.8867 32.9278 1
0 2
100 36 0
85.9953 33.0285 1
0 2
108 36 0
94.0743 33.089 1
0 2
116 36 0
102.082 33.0953 1
0 2
124 36 0
110.205 33.117 1
0 2
132 36 0
118.351 33.1745 1
0 2
140 36 0
126.452 33.3557 1
0 2
148 36 0
134.5 33.4548 1
0 2
156 36 0
142.544 33.5596 1
0 2
164 36 0
150.555 33.5839 1
0 2
172 36 0
158.579 33.6465 1
0 2
180 36 0
166.622 33.6619 1
0 2
188 36 0
174.691 33.6993 1
0 2
196 36 0
182.768 33.7858 1
0 2
204 36 0
190.801 33.7845 1
0 2
212 36 0
198.867 33.8404 1
0 2
220 36 0
206.885 33.8975 1
0 2
228 36 0
214.884 33.951 1
0 2
236 36 0
222.906 34.0782 1
0 2
244 36 0
230.905 34.1783 1
0 2
252 36 0
238.979 34.2385 1
0 2
260 36 0
246.986 34.3219 1
0 2
268 36 0
255.027 34.3494 1
0 2
276 36 0
263.08 34.3794 1
0 2
284 36 0
271.097 34.4928 1
0 2
292 36 0
279.11 34.5176 1
0 2
300 36 0
287.117 34.5527 1
0 2
308 36 0
295.124 34.6098 1
0 2
316 36 0
303.122 34.6389 1
0 2
324 36 0
311.21 34.7071 1
0 2
332 36 0
319.189 34.7628 1
0 2
340 36 0
327.216 34.818 1
0 2
348 36 0
335.235 34.8882 1
0 2
356 36 0
343.208 35.0447 1
0 2
364 36 0
351.086 35.0973 1
0 2
372 36 0
359.04 35.105 1
0 2
380 36 0
367.045 35.2531 1
0 2
388 36 0
375.039 35.2543 1
0 2
396 36 0
383.043 35.2584 1
0 2
404 36 0
391.022 35.431 1
0 2
492 36 0
478.708 36.0744 1
0 2
508 36 0
494.625 36.1925 1
0 2
516 36 0
502.595 36.2531 1
0 2
524 36 0
510.51 36.3403 1
0 2
532 36 0
518.452 36.4269 1
0 2
540 36 0
526.417 36.4503 1
0 2
548 36 0
534.309 36.5213 1
0 2
556 36 0
542.199 36.5915 1
0 2
564 36 0
550.068 36.6611 1
0 2
20 44 0
4.81547 40.2643 1
0 2
28 44 0
12.9912 40.3415 1
0 2
36 44 0
21.0375 40.4125 1
0 2
44 44 0
29.2204 40.599 1
0 2
52 44 0
37.4161 40.6175 1
0 2
60 44 0
45.4541 40.6139 1
0 2
68 44 0
53.5473 40.7127 1
0 2
76 44 0
61.7653 40.7786 1
0 2
84 44 0
69.8123 40.8581 1
0 2
92 44 0
77.8847 40.9254 1
0 2
100 44 0
86.0233 41.0852 1
0 2
108 44 0
94.053 41.118 1
0 2
116 44 0
102.187 41.1487 1
0 2
124 44 0
110.221 41.1441 1
0 2
132 44 0
118.348 41.2051 1
0 2
140 44 0
126.37 41.3172 1
0 2
148 44 0
134.392 41.3922 1
0 2
156 44 0
142.491 41.5595 1
0 2
164 44 0
150.539 41.6224 1
0 2
172 44 0
158.61 41.6598 1
0 2
180 44 0
166.623 41.6653 1
0 2
188 44 0
174.677 41.7011 1
0 2
196 44 0
182.709 41.7505 1
0 2
204 44 0
190.764 41.81 1
0 2
212 44 0
198.816 41.8368 1
0 2
220 44 0
206.844 41.898 1
0 2
228 44 0
214.883 42.0843 1
0 2
236 44 0
222.89 42.1318 1
0 2
244 44 0
230.941 42.249 1
0 2
252 44 0
238.972 42.2542 1
0 2
260 44 0
247.013 42.2671 1
0 2
268 44 0
255.032 42.3228 1
0 2
276 44 0
263.036 42.3689 1
0 2
284 44 0
271.007 42.4435 1
0 2
292 44 0
279.071 42.5182 1
0 2
300 44 0
287.087 42.5945 1
0 2
308 44 0
295.081 42.603 1
0 2
316 44 0
303.075 42.6056 1
0 2
324 44 0
311.083 42.6806 1
0 2
332 44 0
319.105 42.7709 1
0 2
340 44 0
327.201 42.8384 1
0 2
348 44 0
335.212 42.9124 1
0 2
356 44 0
343.115 42.984 1
0 2
364 44 0
351.047 43.0785 1
0 2
372 44 0
359.053 43.1495 1
0 2
380 44 0
367.043 43.2423 1
0 2
388 44 0
375.037 43.2388 1
0 2
396 44 0
383.02 43.2612 1
0 2
516 44 0
502.585 44.1887 1
0 2
524 44 0
510.497 44.3068 1
0 2
532 44 0
518.428 44.3778 1
0 2
540 44 0
526.266 44.4153 1
0 2
548 44 0
534.228 44.4619 1
0 2
556 44 0
542.18 44.5345 1
0 2
564 44 0
550.015 44.6303 1
0 2
572 44 0
557.932 44.6744 1
0 2
20 52 0
4.80159 48.2828 1
0 2
28 52 0
12.9474 48.3932 1
0 2
36 52 0
20.9765 48.4016 1
0 2
44 52 0
29.107 48.5421 1
0 2
52 52 0
37.329 48.5601 1
0 2
60 52 0
45.5269 48.6266 1
0 2
68 52 0
53.6097 48.7188 1
0 2
76 52 0
61.6888 48.8319 1
0 2
84 52 0
69.6971 48.8868 1
0 2
92 52 0
77.884 48.9108 1
0 2
100 52 0
86.0081 49.0821 1
0 2
108 52 0
94.024 49.1672 1
0 2
116 52 0
102.075 49.2321 1
0 2
124 52 0
110.151 49.2454 1
0 2
132 52 0
118.25 49.2663 1
0 2
140 52 0
126.333 49.3368 1
0 2
148 52 0
134.414 49.5062 1
0 2
156 52 0
142.462 49.5583 1
0 2
164 52 0
150.509 49.5859 1
0 2
172 52 0
158.557 49.6458 1
0 2
180 52 0
166.619 49.6676 1
0 2
188 52 0
174.635 49.7052 1
0 2
196 52 0
182.707 49.7669 1
0 2
204 52 0
190.726 49.8036 1
0 2
212 52 0
198.792 49.8732 1
0 2
220 52 0
206.743 49.9614 1
0 2
228 52 0
214.879 50.0917 1
0 2
236 52 0
222.881 50.1247 1
0 2
244 52 0
230.902 50.2403 1
0 2
252 52 0
238.972 50.2587 1
0 2
260 52 0
247.016 50.2634 1
0 2
268 52 0
255.001 50.3081 1
0 2
276 52 0
262.97 50.3449 1
0 2
284 52 0
270.96 50.4167 1
0 2
292 52 0
278.976 50.4695 1
0 2
300 52 0
287.074 50.6005 1
0 2
308 52 0
295.076 50.6041 1
0 2
316 52 0
303.071 50.6028 1
0 2
324 52 0
311.074 50.658 1
0 2
332 52 0
319.093 50.7828 1
0 2
340 52 0
327.087 50.7923 1
0 2
348 52 0
335.091 50.9305 1
0 2
356 52 0
343.084 50.9986 1
0 2
372 52 0
359.007 51.0896 1
0 2
380 52 0
367.039 51.1576 1
0 2
388 52 0
375.119 51.0506 1
0 2
396 52 0
382.995 51.2605 1
0 2
484 52 0
470.653 51.9243 1
0 2
516 52 0
502.595 52.0698 1
0 2
524 52 0
510.481 52.245 1
0 2
532 52 0
518.345 52.339 1
0 2
540 52 0
526.225 52.4334 1
0 2
548 52 0
534.209 52.4565 1
0 2
556 52 0
542.099 52.5287 1
0 2
564 52 0
549.943 52.6126 1
0 2
612 52 0
597.675 52.9523 1
0 2
28 60 0
12.7891 56.4526 1
0 2
36 60 0
20.9064 56.4809 1
0 2
44 60 0
29.103 56.547 1
0 2
52 60 0
37.166 56.5834 1
0 2
60 60 0
45.5536 56.694 1
0 2
68 60 0
53.6401 56.7919 1
0 2
76 60 0
61.6946 56.8971 1
0 2
84 60 0
69.6972 56.9075 1
0 2
92 60 0
77.9132 56.9721 1
0 2
100 60 0
86.0039 57.1435 1
0 2
108 60 0
94.032 57.2013 1
0 2
116 60 0
102.029 57.2682 1
0 2
124 60 0
110.069 57.2924 1
0 2
132 60 0
118.246 57.3828 1
0 2
140 60 0
126.274 57.4377 1
0 2
148 60 0
134.376 57.5204 1
0 2
156 60 0
142.451 57.5684 1
0 2
164 60 0
150.471 57.587 1
0 2
172 60 0
158.505 57.6312 1
0 2
180 60 0
166.605 57.7012 1
0 2
188 60 0
174.627 57.7308 1
0 2
196 60 0
182.666 57.7983 1
0 2
204 60 0
190.705 57.7997 1
0 2
212 60 0
198.706 57.9735 1
0 2
220 60 0
206.704 58.1085 1
0 2
228 60 0
214.821 58.1837 1
0 2
236 60 0
222.876 58.1665 1
0 2
244 60 0
230.88 58.2456 1
0 2
252 60 0
238.946 58.2472 1
0 2
260 60 0
246.939 58.3037 1
0 2
268 60 0
254.955 58.3282 1
0 2
276 60 0
262.962 58.3373 1
0 2
284 60 0
270.926 58.4326 1
0 2
292 60 0
278.927 58.4552 1
0 2
300 60 0
287.058 58.6054 1
0 2
308 60 0
295.066 58.6096 1
0 2
316 60 0
303.059 58.6134 1
0 2
324 60 0
311.003 58.6725 1
0 2
332 60 0
319.032 58.7417 1
0 2
340 60 0
327.028 58.9085 1
0 2
348 60 0
335.021 58.957 1
0 2
372 60 0
359.004 59.0846 1
0 2
380 60 0
367.002 59.0847 1
0 2
388 60 0
375.018 59.1145 1
0 2
396 60 0
382.956 59.2615 1
0 2
516 60 0
502.594 60.0657 1
0 2
524 60 0
510.434 60.1602 1
0 2
532 60 0
518.271 60.3094 1
0 2
540 60 0
526.19 60.4018 1
0 2
28 68 0
12.835 64.5485 1
0 2
36 68 0
21.0517 64.6461 1
0 2
44 68 0
29.0773 64.6145 1
0 2
52 68 0
37.1194 64.6014 1
0 2
60 68 0
45.5428 64.7348 1
0 2
68 68 0
53.6414 64.9991 1
0 2
76 68 0
61.6955 64.917 1
0 2
84 68 0
69.6941 64.9203 1
0 2
92 68 0
77.7448 64.932 1
0 2
100 68 0
85.889 65.1037 1
0 2
108 68 0
94.0126 65.2361 1
0 2
116 68 0
102.02 65.2726 1
0 2
124 68 0
110.066 65.3138 1
0 2
132 68 0
118.177 65.4194 1
0 2
140 68 0
126.223 65.4439 1
0 2
148 68 0
134.325 65.5173 1
0 2
156 68 0
142.399 65.6194 1
0 2
164 68 0
150.463 65.6321 1
0 2
172 68 0
158.499 65.657 1
0 2
180 68 0
166.548 65.7196 1
0 2
188 68 0
174.576 65.7895 1
0 2
196 68 0
182.625 65.8484 1
0 2
204 68 0
190.665 65.8884 1
0 2
212 68 0
198.698 65.9864 1
0 2
220 68 0
206.694 65.9755 1
0 2
228 68 0
214.755 66.0738 1
0 2
236 68 0
222.838 66.2424 1
0 2
244 68 0
230.87 66.2547 1
0 2
252 68 0
238.882 66.2861 1
0 2
260 68 0
246.914 66.3162 1
0 2
268 68 0
254.916 66.3296 1
0 2
276 68 0
262.972 66.3976 1
0 2
284 68 0
270.933 66.4834 1
0 2
292 68 0
278.934 66.4931 1
0 2
300 68 0
287.005 66.5514 1
0 2
308 68 0
295.044 66.6333 1
0 2
316 68 0
302.971 66.677 1
0 2
324 68 0
310.971 66.7018 1
0 2
332 68 0
318.976 66.7146 1
0 2
380 68 0
366.994 67.0887 1
0 2
388 68 0
374.964 67.1454 1
0 2
396 68 0
382.934 67.2495 1
0 2
404 68 0
390.918 67.3312 1
0 2
412 68 0
398.909 67.3898 1
0 2
420 68 0
406.857 67.4462 1
0 2
428 68 0
414.834 67.4793 1
0 2
516 68 0
502.358 68.1043 1
0 2
524 68 0
510.323 68.1328 1
0 2
532 68 0
518.206 68.2683 1
0 2
540 68 0
526.15 68.3338 1
0 2
548 68 0
534.063 68.4032 1
0 2
20 76 0
4.78337 72.5083 1
0 2
28 76 0
12.86 72.5709 1
0 2
36 76 0
21.0197 72.7023 1
0 2
44 76 0
29.0942 72.69 1
0 2
52 76 0
37.1937 72.7828 1
0 2
60 76 0
45.4175 72.9127 1
0 2
68 76 0
53.4689 72.8933 1
0 2
76 76 0
61.6122 72.9699 1
0 2
84 76 0
69.6824 72.9535 1
0 2
92 76 0
77.6955 72.9625 1
0 2
100 76 0
85.8824 73.1138 1
0 2
108 76 0
93.9586 73.2366 1
0 2
116 76 0
102.015 73.2693 1
0 2
124 76 0
110.09 73.3922 1
0 2
132 76 0
118.155 73.4177 1
0 2
140 76 0
126.243 73.5328 1
0 2
148 76 0
134.282 73.5504 1
0 2
156 76 0
142.363 73.647 1
0 2
164 76 0
150.371 73.6616 1
0 2
172 76 0
158.418 73.7451 1
0 2
180 76 0
166.468 73.7469 1
0 2
188 76 0
174.535 73.8828 1
0 2
196 76 0
182.539 73.8922 1
0 2
204 76 0
190.53 73.9391 1
0 2
212 76 0
198.684 74.0242 1
0 2
220 76 0
206.705 74.0344 1
0 2
228 76 0
214.759 74.0802 1
0 2
236 76 0
222.809 74.2222 1
0 2
244 76 0
230.856 74.2659 1
0 2
252 76 0
238.868 74.2902 1
0 2
260 76 0
246.867 74.362 1
0 2
268 76 0
254.85 74.3832 1
0 2
276 76 0
262.875 74.4627 1
0 2
284 76 0
270.913 74.4955 1
0 2
292 76 0
278.913 74.5229 1
0 2
300 76 0
286.916 74.5544 1
0 2
308 76 0
294.929 74.6619 1
0 2
316 76 0
302.929 74.6824 1
0 2
324 76 0
310.943 74.7103 1
0 2
388 76 0
374.923 75.1933 1
0 2
396 76 0
382.894 75.2361 1
0 2
404 76 0
390.852 75.3439 1
0 2
412 76 0
398.84 75.371 1
0 2
420 76 0
406.828 75.4016 1
0 2
428 76 0
414.783 75.4606 1
0 2
444 76 0
430.718 75.5189 1
0 2
516 76 0
502.363 76.0668 1
0 2
524 76 0
510.331 76.1114 1
0 2
532 76 0
518.205 76.2247 1
0 2
540 76 0
526.127 76.2627 1
0 2
548 76 0
534.037 76.3364 1
0 2
20 84 0
4.83623 80.6565 1
0 2
28 84 0
12.8392 80.678 1
0 2
36 84 0
21.0692 80.7367 1
0 2
44 84 0
29.109 80.7606 1
0 2
52 84 0
37.1777 80.7445 1
0 2
60 84 0
45.4667 80.9145 1
0 2
68 84 0
53.3321 80.9446 1
0 2
76 84 0
61.526 80.9674 1
0 2
84 84 0
69.5998 80.9678 1
0 2
92 84 0
77.7257 80.8831 1
0 2
100 84 0
85.8589 81.128 1
0 2
108 84 0
94.0094 81.2763 1
0 2
116 84 0
102.034 81.3458 1
0 2
124 84 0
110.058 81.3961 1
0 2
132 84 0
118.125 81.4208 1
0 2
140 84 0
126.264 81.5657 1
0 2
148 84 0
134.276 81.6 1
0 2
156 84 0
142.331 81.6518 1
0 2
164 84 0
150.366 81.6787 1
0 2
172 84 0
158.467 81.7736 1
0 2
180 84 0
166.536 81.782 1
0 2
188 84 0
174.528 81.8753 1
0 2
196 84 0
182.536 81.8933 1
0 2
204 84 0
190.602 81.9249 1
0 2
212 84 0
198.665 82.0284 1
0 2
220 84 0
206.687 82.0534 1
0 2
228 84 0
214.765 82.1315 1
0 2
236 84 0
222.806 82.2268 1
0 2
244 84 0
230.807 82.2384 1
0 2
252 84 0
238.826 82.336 1
0 2
260 84 0
246.839 82.3897 1
0 2
268 84 0
254.833 82.3976 1
0 2
276 84 0
262.834 82.405 1
0 2
284 84 0
270.884 82.4861 1
0 2
292 84 0
278.861 82.5821 1
0 2
300 84 0
286.873 82.5844 1
0 2
308 84 0
294.905 82.6738 1
0 2
316 84 0
302.906 82.6894 1
0 2
324 84 0
310.858 82.7507 1
0 2
364 84 0
350.906 83.0873 1
0 2
396 84 0
382.848 83.2243 1
0 2
404 84 0
390.798 83.3282 1
0 2
412 84 0
398.822 83.3716 1
0 2
420 84 0
406.742 83.4079 1
0 2
428 84 0
414.751 83.4297 1
0 2
436 84 0
422.721 83.4675 1
0 2
444 84 0
430.701 83.504 1
0 2
500 84 0
486.431 83.9459 1
0 2
508 84 0
494.37 84.0341 1
0 2
516 84 0
502.363 84.0432 1
0 2
524 84 0
510.292 84.0844 1
0 2
532 84 0
518.193 84.2019 1
0 2
540 84 0
526.114 84.219 1
0 2
20 92 0
4.82459 88.6618 1
0 2
28 92 0
12.8378 88.7296 1
0 2
36 92 0
20.9676 88.7319 1
0 2
44 92 0
29.1057 88.8056 1
0 2
52 92 0
37.2657 89.0447 1
0 2
60 92 0
45.4503 88.9906 1
0 2
68 92 0
53.5647 89.0167 1
0 2
76 92 0
61.5036 89.0714 1
0 2
84 92 0
69.5663 89.1534 1
0 2
92 92 0
77.7295 89.0272 1
0 2
100 92 0
85.8099 89.1201 1
0 2
108 92 0
93.9167 89.2354 1
0 2
116 92 0
102.074 89.3997 1
0 2
124 92 0
110.059 89.4022 1
0 2
132 92 0
118.116 89.4909 1
0 2
140 92 0
126.168 89.53 1
0 2
148 92 0
134.271 89.6688 1
0 2
156 92 0
142.327 89.7063 1
0 2
164 92 0
150.339 89.7132 1
0 2
172 92 0
158.454 89.7995 1
0 2
180 92 0
166.457 89.7996 1
0 2
188 92 0
174.501 89.8519 1
0 2
196 92 0
182.523 89.9202 1
0 2
204 92 0
190.573 89.9776 1
0 2
212 92 0
198.649 90.0259 1
0 2
220 92 0
206.668 90.0411 1
0 2
228 92 0
214.768 90.2019 1
0 2
236 92 0
222.799 90.235 1
0 2
244 92 0
230.717 90.3669 1
0 2
252 92 0
238.721 90.3789 1
0 2
260 92 0
246.784 90.3828 1
0 2
268 92 0
254.821 90.4001 1
0 2
276 92 0
262.814 90.4515 1
0 2
284 92 0
270.785 90.494 1
0 2
292 92 0
278.848 90.5772 1
0 2
300 92 0
286.859 90.6101 1
0 2
308 92 0
294.879 90.6738 1
0 2
316 92 0
302.846 90.7372 1
0 2
324 92 0
310.836 90.7559 1
0 2
332 92 0
318.84 90.7765 1
0 2
356 92 0
342.881 91.0315 1
0 2
364 92 0
350.848 91.0899 1
0 2
396 92 0
382.781 91.2268 1
0 2
404 92 0
390.639 91.3783 1
0 2
412 92 0
398.725 91.328 1
0 2
420 92 0
406.742 91.3991 1
0 2
428 92 0
414.72 91.4208 1
0 2
436 92 0
422.7 91.4541 1
0 2
444 92 0
430.682 91.4791 1
0 2
492 92 0
478.494 91.7911 1
0 2
500 92 0
486.418 91.8931 1
0 2
508 92 0
494.361 92.0212 1
0 2
516 92 0
502.357 92.0366 1
0 2
524 92 0
510.329 92.0689 1
0 2
532 92 0
518.257 92.144 1
0 2
540 92 0
526.192 92.172 1
0 2
20 100 0
4.86168 96.7736 1
0 2
28 100 0
12.8573 96.7925 1
0 2
36 100 0
20.935 96.8243 1
0 2
44 100 0
29.1188 97.0003 1
0 2
52 100 0
37.2456 97.0561 1
0 2
60 100 0
45.3417 97.0731 1
0 2
68 100 0
53.3931 97.2685 1
0 2
76 100 0
61.5485 97.1063 1
0 2
84 100 0
69.6423 97.01 1
0 2
92 100 0
77.6699 97.0973 1
0 2
100 100 0
85.7676 97.3465 1
0 2
108 100 0
93.7996 97.4632 1
0 2
116 100 0
101.904 97.4327 1
0 2
124 100 0
110.027 97.4824 1
0 2
132 100 0
118.061 97.5207 1
0 2
140 100 0
126.131 97.5653 1
0 2
148 100 0
134.27 97.6818 1
0 2
156 100 0
142.319 97.693 1
0 2
164 100 0
150.347 97.8006 1
0 2
172 100 0
158.413 97.8424 1
0 2
180 100 0
166.424 97.8175 1
0 2
188 100 0
174.505 97.8678 1
0 2
196 100 0
182.505 97.9161 1
0 2
204 100 0
190.515 97.9996 1
0 2
212 100 0
198.616 98.0437 1
0 2
220 100 0
206.709 98.1334 1
0 2
228 100 0
214.739 98.2253 1
0 2
236 100 0
222.733 98.2623 1
0 2
244 100 0
230.696 98.3687 1
0 2
252 100 0
238.702 98.3761 1
0 2
260 100 0
246.749 98.4128 1
0 2
268 100 0
254.764 98.4433 1
0 2
276 100 0
262.758 98.48 1
0 2
284 100 0
270.77 98.4917 1
0 2
292 100 0
278.823 98.5672 1
0 2
300 100 0
286.846 98.6313 1
0 2
308 100 0
294.846 98.6744 1
0 2
316 100 0
302.838 98.7479 1
0 2
324 100 0
310.832 98.7581 1
0 2
332 100 0
318.832 98.7774 1
0 2
356 100 0
342.843 98.9535 1
0 2
364 100 0
350.826 99.0876 1
0 2
404 100 0
390.731 99.3019 1
0 2
412 100 0
398.732 99.3178 1
0 2
420 100 0
406.737 99.3593 1
0 2
428 100 0
414.695 99.4211 1
0 2
460 100 0
446.53 99.5563 1
0 2
492 100 0
478.457 99.7566 1
0 2
500 100 0
486.322 99.8613 1
0 2
508 100 0
494.313 99.9089 1
0 2
516 100 0
502.312 100.008 1
0 2
524 100 0
510.303 100.047 1
0 2
532 100 0
518.254 100.069 1
0 2
540 100 0
526.175 100.106 1
0 2
548 100 0
534.022 100.239 1
0 2
20 108 0
4.86788 104.775 1
0 2
28 108 0
12.8589 104.801 1
0 2
36 108 0
21.0144 104.998 1
0 2
44 108 0
29.1179 105.032 1
0 2
52 108 0
37.231 105.096 1
0 2
60 108 0
45.3287 105.197 1
0 2
68 108 0
53.4087 105.223 1
0 2
76 108 0
61.4993 105.152 1
0 2
84 108 0
69.5157 105.181 1
0 2
92 108 0
77.6904 105.403 1
0 2
100 108 0
85.7841 105.487 1
0 2
108 108 0
93.7959 105.491 1
0 2
116 108 0
101.85 105.48 1
0 2
124 108 0
109.984 105.5 1
0 2
132 108 0
118.069 105.566 1
0 2
140 108 0
126.094 105.591 1
0 2
148 108 0
134.223 105.658 1
0 2
156 108 0
142.253 105.802 1
0 2
164 108 0
150.268 105.824 1
0 2
172 108 0
158.329 105.817 1
0 2
180 108 0
166.398 105.874 1
0 2
188 108 0
174.492 106.016 1
0 2
196 108 0
182.5 106.009 1
0 2
204 108 0
190.515 106.006 1
0 2
212 108 0
198.563 105.997 1
0 2
220 108 0
206.705 106.16 1
0 2
228 108 0
214.692 106.261 1
0 2
236 108 0
222.65 106.373 1
0 2
244 108 0
230.656 106.386 1
0 2
252 108 0
238.699 106.379 1
0 2
260 108 0
246.736 106.436 1
0 2
268 108 0
254.745 106.475 1
0 2
276 108 0
262.746 106.483 1
0 2
284 108 0
270.75 106.499 1
0 2
292 108 0
278.8 106.611 1
0 2
300 108 0
286.807 106.662 1
0 2
308 108 0
294.811 106.675 1
0 2
316 108 0
302.811 106.68 1
0 2
324 108 0
310.807 106.753 1
0 2
332 108 0
318.815 106.783 1
0 2
412 108 0
398.724 107.309 1
0 2
420 108 0
406.706 107.352 1
0 2
428 108 0
414.671 107.417 1
0 2
436 108 0
422.666 107.44 1
0 2
444 108 0
430.657 107.452 1
0 2
460 108 0
446.499 107.559 1
0 2
468 108 0
454.51 107.591 1
0 2
476 108 0
462.526 107.634 1
0 2
516 108 0
502.267 107.975 1
0 2
524 108 0
510.249 108.011 1
0 2
532 108 0
518.225 108.034 1
0 2
540 108 0
526.141 108.094 1
0 2
548 108 0
533.999 108.213 1
0 2
628 108 0
613.257 108.792 1
0 2
20 116 0
4.84769 112.873 1
0 2
28 116 0
12.8645 112.886 1
0 2
36 116 0
20.9337 112.936 1
0 2
44 116 0
29.0367 113.05 1
0 2
52 116 0
37.2798 113.177 1
0 2
60 116 0
45.3267 113.194 1
0 2
68 116 0
53.4286 113.246 1
0 2
76 116 0
61.4803 113.269 1
0 2
84 116 0
69.5298 113.253 1
0 2
92 116 0
77.6136 113.345 1
0 2
100 116 0
85.7735 113.469 1
0 2
108 116 0
93.7829 113.496 1
0 2
116 116 0
101.796 113.515 1
0 2
124 116 0
109.916 113.569 1
0 2
132 116 0
117.965 113.602 1
0 2
140 116 0
126.073 113.633 1
0 2
148 116 0
134.155 113.666 1
0 2
156 116 0
142.224 113.744 1
0 2
164 116 0
150.254 113.825 1
0 2
172 116 0
158.28 113.851 1
0 2
180 116 0
166.381 113.922 1
0 2
188 116 0
174.435 113.981 1
0 2
196 116 0
182.466 113.997 1
0 2
204 116 0
190.496 114.011 1
0 2
212 116 0
198.531 114.085 1
0 2
220 116 0
206.672 114.162 1
0 2
228 116 0
214.645 114.243 1
0 2
236 116 0
222.641 114.374 1
0 2
244 116 0
230.641 114.379 1
0 2
252 116 0
238.669 114.393 1
0 2
260 116 0
246.711 114.448 1
0 2
268 116 0
254.739 114.475 1
0 2
276 116 0
262.736 114.478 1
0 2
284 116 0
270.722 114.505 1
0 2
292 116 0
278.764 114.6 1
0 2
300 116 0
286.736 114.684 1
0 2
308 116 0
294.768 114.685 1
0 2
316 116 0
302.787 114.672 1
0 2
324 116 0
310.773 114.704 1
0 2
332 116 0
318.756 114.833 1
0 2
412 116 0
398.707 115.3 1
0 2
420 116 0
406.704 115.342 1
0 2
428 116 0
414.655 115.401 1
0 2
436 116 0
422.654 115.435 1
0 2
444 116 0
430.65 115.444 1
0 2
452 116 0
438.581 115.491 1
0 2
460 116 0
446.527 115.53 1
0 2
468 116 0
454.527 115.541 1
0 2
476 116 0
462.505 115.615 1
0 2
484 116 0
470.374 115.751 1
0 2
516 116 0
502.239 115.955 1
0 2
524 116 0
510.24 115.994 1
0 2
532 116 0
518.13 116.037 1
0 2
540 116 0
526.108 116.059 1
0 2
548 116 0
533.98 116.111 1
0 2
604 116 0
589.421 116.517 1
0 2
612 116 0
597.362 116.54 1
0 2
628 116 0
613.264 116.717 1
0 2
20 124 0
4.83723 120.918 1
0 2
28 124 0
12.8368 120.949 1
0 2
36 124 0
20.9235 120.986 1
0 2
44 124 0
29.0672 121.035 1
0 2
52 124 0
37.2673 121.174 1
0 2
60 124 0
45.3339 121.211 1
0 2
68 124 0
53.3427 121.25 1
0 2
76 124 0
61.4408 121.318 1
0 2
84 124 0
69.5045 121.33 1
0 2
92 124 0
77.602 121.405 1
0 2
100 124 0
85.6235 121.465 1
0 2
108 124 0
93.7781 121.513 1
0 2
116 124 0
101.871 121.588 1
0 2
124 124 0
109.921 121.617 1
0 2
132 124 0
117.954 121.646 1
0 2
140 124 0
126.071 121.72 1
0 2
148 124 0
134.18 121.771 1
0 2
156 124 0
142.229 121.747 1
0 2
164 124 0
150.24 121.828 1
0 2
172 124 0
158.305 121.918 1
0 2
180 124 0
166.337 121.9 1
0 2
188 124 0
174.378 121.952 1
0 2
196 124 0
182.449 122.017 1
0 2
204 124 0
190.518 122.083 1
0 2
212 124 0
198.546 122.149 1
0 2
220 124 0
206.572 122.193 1
0 2
228 124 0
214.602 122.216 1
0 2
236 124 0
222.641 122.375 1
0 2
244 124 0
230.639 122.379 1
0 2
252 124 0
238.609 122.406 1
0 2
260 124 0
246.694 122.458 1
0 2
268 124 0
254.716 122.456 1
0 2
276 124 0
262.71 122.515 1
0 2
284 124 0
270.671 122.548 1
0 2
292 124 0
278.671 122.608 1
0 2
332 124 0
318.738 122.85 1
0 2
340 124 0
326.751 122.941 1
0 2
348 124 0
334.75 122.993 1
0 2
412 124 0
398.687 123.293 1
0 2
428 124 0
414.639 123.394 1
0 2
436 124 0
422.64 123.415 1
0 2
452 124 0
438.561 123.494 1
0 2
460 124 0
446.523 123.522 1
0 2
468 124 0
454.523 123.548 1
0 2
476 124 0
462.461 123.627 1
0 2
484 124 0
470.33 123.748 1
0 2
516 124 0
502.203 123.922 1
0 2
524 124 0
510.175 123.956 1
0 2
532 124 0
518.12 123.994 1
0 2
540 124 0
526.036 124.052 1
0 2
548 124 0
533.917 124.046 1
0 2
580 124 0
565.609 124.356 1
0 2
596 124 0
581.518 124.403 1
0 2
604 124 0
589.449 124.459 1
0 2
612 124 0
597.374 124.505 1
0 2
628 124 0
613.14 124.56 1
0 2
20 132 0
4.84457 128.954 1
0 2
28 132 0
12.8931 129.007 1
0 2
36 132 0
20.9369 129.028 1
0 2
44 132 0
29.0322 129.082 1
0 2
52 132 0
37.2428 129.17 1
0 2
60 132 0
45.3006 129.211 1
0 2
68 132 0
53.339 129.254 1
0 2
76 132 0
61.3503 129.272 1
0 2
84 132 0
69.4991 129.356 1
0 2
92 132 0
77.5588 129.491 1
0 2
100 132 0
85.6334 129.518 1
0 2
108 132 0
93.7451 129.548 1
0 2
116 132 0
101.852 129.582 1
0 2
124 132 0
109.911 129.627 1
0 2
132 132 0
117.933 129.654 1
0 2
140 132 0
126.022 129.763 1
0 2
148 132 0
134.078 129.813 1
0 2
156 132 0
142.151 129.812 1
0 2
164 132 0
150.187 129.893 1
0 2
172 132 0
158.201 129.942 1
0 2
180 132 0
166.303 129.938 1
0 2
188 132 0
174.348 129.975 1
0 2
196 132 0
182.409 130.098 1
0 2
204 132 0
190.503 130.134 1
0 2
212 132 0
198.521 130.174 1
0 2
220 132 0
206.556 130.205 1
0 2
228 132 0
214.579 130.267 1
0 2
236 132 0
222.637 130.375 1
0 2
244 132 0
230.614 130.393 1
0 2
252 132 0
238.599 130.415 1
0 2
260 132 0
246.619 130.411 1
0 2
268 132 0
254.655 130.389 1
0 2
276 132 0
262.672 130.546 1
0 2
284 132 0
270.623 130.622 1
0 2
332 132 0
318.709 130.868 1
0 2
340 132 0
326.734 130.942 1
0 2
348 132 0
334.737 131.024 1
0 2
420 132 0
406.636 131.346 1
0 2
428 132 0
414.634 131.376 1
0 2
436 132 0
422.629 131.389 1
0 2
452 132 0
438.554 131.473 1
0 2
460 132 0
446.45 131.532 1
0 2
468 132 0
454.44 131.543 1
0 2
476 132 0
462.393 131.607 1
0 2
484 132 0
470.314 131.716 1
0 2
492 132 0
478.252 131.816 1
0 2
500 132 0
486.216 131.876 1
0 2
516 132 0
502.193 131.905 1
0 2
524 132 0
510.178 131.929 1
0 2
532 132 0
518.076 131.984 1
0 2
540 132 0
526.015 132 1
0 2
572 132 0
557.673 132.271 1
0 2
580 132 0
565.581 132.346 1
0 2
596 132 0
581.532 132.387 1
0 2
604 132 0
589.459 132.417 1
0 2
612 132 0
597.276 132.45 1
0 2
28 140 0
12.8809 137.091 1
0 2
36 140 0
20.9429 137.075 1
0 2
44 140 0
29.0748 137.214 1
0 2
52 140 0
37.1624 137.242 1
0 2
60 140 0
45.2513 137.31 1
0 2
68 140 0
53.2943 137.377 1
0 2
76 140 0
61.3547 137.444 1
0 2
84 140 0
69.4445 137.477 1
0 2
92 140 0
77.5668 137.509 1
0 2
100 140 0
85.6772 137.575 1
0 2
108 140 0
93.7048 137.594 1
0 2
116 140 0
101.809 137.69 1
0 2
124 140 0
109.903 137.657 1
0 2
132 140 0
117.933 137.745 1
0 2
140 140 0
125.958 137.765 1
0 2
148 140 0
134.055 137.805 1
0 2
156 140 0
142.115 137.839 1
0 2
164 140 0
150.175 137.92 1
0 2
172 140 0
158.176 137.942 1
0 2
180 140 0
166.267 137.964 1
0 2
188 140 0
174.357 138.039 1
0 2
196 140 0
182.399 138.101 1
0 2
204 140 0
190.425 138.148 1
0 2
212 140 0
198.416 138.181 1
0 2
220 140 0
206.378 138.22 1
0 2
228 140 0
214.545 138.353 1
0 2
236 140 0
222.565 138.329 1
0 2
244 140 0
230.57 138.398 1
0 2
252 140 0
238.582 138.423 1
0 2
260 140 0
246.585 138.425 1
0 2
268 140 0
254.588 138.487 1
0 2
276 140 0
262.576 138.631 1
0 2
284 140 0
270.587 138.67 1
0 2
340 140 0
326.72 139.002 1
0 2
348 140 0
334.73 139.026 1
0 2
372 140 0
358.716 139.139 1
0 2
380 140 0
366.726 139.164 1
0 2
412 140 0
398.642 139.274 1
0 2
420 140 0
406.642 139.301 1
0 2
428 140 0
414.631 139.37 1
0 2
436 140 0
422.614 139.41 1
0 2
444 140 0
430.567 139.436 1
0 2
452 140 0
438.518 139.47 1
0 2
460 140 0
446.405 139.537 1
0 2
468 140 0
454.401 139.558 1
0 2
476 140 0
462.396 139.576 1
0 2
484 140 0
470.297 139.701 1
0 2
492 140 0
478.218 139.835 1
0 2
500 140 0
486.208 139.869 1
0 2
508 140 0
494.201 139.868 1
0 2
516 140 0
502.192 139.875 1
0 2
524 140 0
510.128 139.904 1
0 2
532 140 0
518.049 139.948 1
0 2
540 140 0
525.918 139.997 1
0 2
572 140 0
557.671 140.205 1
0 2
580 140 0
565.588 140.288 1
0 2
596 140 0
581.511 140.37 1
0 2
604 140 0
589.38 140.457 1
0 2
612 140 0
597.236 140.435 1
0 2
620 140 0
605.137 140.462 1
0 2
20 148 0
4.83142 145.139 1
0 2
28 148 0
12.8384 145.134 1
0 2
36 148 0
20.9479 145.2 1
0 2
44 148 0
29.0442 145.252 1
0 2
52 148 0
37.1116 145.296 1
0 2
60 148 0
45.2199 145.357 1
0 2
68 148 0
53.274 145.4 1
0 2
76 148 0
61.3738 145.454 1
0 2
92 148 0
77.5216 145.533 1
0 2
100 148 0
85.6458 145.584 1
0 2
108 148 0
93.7344 145.666 1
0 2
116 148 0
101.767 145.734 1
0 2
124 148 0
109.848 145.758 1
0 2
132 148 0
117.903 145.784 1
0 2
140 148 0
125.964 145.816 1
0 2
148 148 0
134.018 145.84 1
0 2
156 148 0
142.098 145.873 1
0 2
164 148 0
150.153 145.946 1
0 2
172 148 0
158.174 145.951 1
0 2
180 148 0
166.276 145.999 1
0 2
188 148 0
174.353 146.077 1
0 2
196 148 0
182.361 146.156 1
0 2
204 148 0
190.352 146.173 1
0 2
212 148 0
198.354 146.221 1
0 2
220 148 0
206.362 146.258 1
0 2
228 148 0
214.367 146.287 1
0 2
236 148 0
222.455 146.398 1
0 2
244 148 0
230.502 146.416 1
0 2
252 148 0
238.521 146.446 1
0 2
260 148 0
246.559 146.462 1
0 2
268 148 0
254.57 146.534 1
0 2
276 148 0
262.542 146.645 1
0 2
284 148 0
270.56 146.69 1
0 2
340 148 0
326.691 146.972 1
0 2
348 148 0
334.715 147.021 1
0 2
356 148 0
342.695 147.043 1
0 2
372 148 0
358.676 147.129 1
0 2
380 148 0
366.643 147.15 1
0 2
404 148 0
390.666 147.208 1
0 2
412 148 0
398.624 147.27 1
0 2
420 148 0
406.633 147.285 1
0 2
428 148 0
414.617 147.319 1
0 2
436 148 0
422.574 147.358 1
0 2
444 148 0
430.548 147.397 1
0 2
452 148 0
438.455 147.471 1
0 2
460 148 0
446.399 147.533 1
0 2
468 148 0
454.377 147.559 1
0 2
476 148 0
462.382 147.558 1
0 2
484 148 0
470.314 147.714 1
0 2
492 148 0
478.214 147.785 1
0 2
500 148 0
486.204 147.86 1
0 2
508 148 0
494.197 147.864 1
0 2
516 148 0
502.181 147.863 1
0 2
524 148 0
510.045 147.895 1
0 2
532 148 0
518.029 147.916 1
0 2
540 148 0
525.857 147.994 1
0 2
548 148 0
533.844 148.007 1
0 2
556 148 0
541.809 148.039 1
0 2
564 148 0
549.75 148.103 1
0 2
572 148 0
557.614 148.169 1
0 2
580 148 0
565.564 148.218 1
0 2
588 148 0
573.522 148.278 1
0 2
596 148 0
581.45 148.367 1
0 2
604 148 0
589.295 148.421 1
0 2
612 148 0
597.18 148.436 1
0 2
620 148 0
605.134 148.437 1
0 2
628 148 0
613.053 148.481 1
0 2
28 156 0
12.8529 153.216 1
0 2
36 156 0
20.9502 153.23 1
0 2
44 156 0
29.0338 153.287 1
0 2
52 156 0
37.1245 153.356 1
0 2
60 156 0
45.2093 153.368 1
0 2
68 156 0
53.2351 153.386 1
0 2
100 156 0
85.5783 153.605 1
0 2
108 156 0
93.6735 153.683 1
0 2
116 156 0
101.687 153.731 1
0 2
124 156 0
109.731 153.742 1
0 2
132 156 0
117.848 153.821 1
0 2
140 156 0
125.939 153.887 1
0 2
148 156 0
133.981 153.882 1
0 2
156 156 0
142.106 153.924 1
0 2
164 156 0
150.125 153.978 1
0 2
172 156 0
158.152 153.972 1
0 2
180 156 0
166.269 154.081 1
0 2
188 156 0
174.294 154.135 1
0 2
196 156 0
182.324 154.163 1
0 2
204 156 0
190.326 154.218 1
0 2
212 156 0
198.323 154.25 1
0 2
220 156 0
206.33 154.267 1
0 2
228 156 0
214.328 154.28 1
0 2
236 156 0
222.339 154.303 1
0 2
244 156 0
230.399 154.33 1
0 2
252 156 0
238.471 154.464 1
0 2
260 156 0
246.538 154.561 1
0 2
268 156 0
254.529 154.593 1
0 2
276 156 0
262.538 154.627 1
0 2
284 156 0
270.566 154.685 1
0 2
340 156 0
326.653 154.956 1
0 2
348 156 0
334.656 155.021 1
0 2
356 156 0
342.65 155.044 1
0 2
364 156 0
350.631 155.072 1
0 2
372 156 0
358.632 155.112 1
0 2
404 156 0
390.636 155.199 1
0 2
412 156 0
398.613 155.221 1
0 2
420 156 0
406.607 155.271 1
0 2
428 156 0
414.579 155.312 1
0 2
436 156 0
422.55 155.326 1
0 2
444 156 0
430.516 155.342 1
0 2
452 156 0
438.445 155.408 1
0 2
460 156 0
446.395 155.536 1
0 2
468 156 0
454.395 155.534 1
0 2
476 156 0
462.367 155.567 1
0 2
484 156 0
470.25 155.697 1
0 2
492 156 0
478.21 155.715 1
0 2
500 156 0
486.171 155.759 1
0 2
508 156 0
494.158 155.784 1
0 2
516 156 0
502.077 155.873 1
0 2
524 156 0
509.994 155.882 1
0 2
532 156 0
517.954 155.897 1
0 2
540 156 0
525.858 155.982 1
0 2
548 156 0
533.83 155.999 1
0 2
556 156 0
541.766 156.011 1
0 2
564 156 0
549.709 156.054 1
0 2
572 156 0
557.557 156.186 1
0 2
580 156 0
565.534 156.199 1
0 2
588 156 0
573.437 156.236 1
0 2
596 156 0
581.387 156.284 1
0 2
604 156 0
589.299 156.353 1
0 2
612 156 0
597.179 156.397 1
0 2
620 156 0
605.138 156.421 1
0 2
628 156 0
613.049 156.474 1
0 2
36 164 0
20.8973 161.321 1
0 2
44 164 0
29.0402 161.368 1
0 2
52 164 0
37.1303 161.373 1
0 2
100 164 0
85.5512 161.611 1
0 2
108 164 0
93.6208 161.681 1
0 2
116 164 0
101.68 161.731 1
0 2
124 164 0
109.69 161.727 1
0 2
132 164 0
117.832 161.843 1
0 2
140 164 0
125.923 161.9 1
0 2
148 164 0
133.947 161.899 1
0 2
156 164 0
142.095 161.966 1
0 2
164 164 0
150.11 161.993 1
0 2
172 164 0
158.151 162.083 1
0 2
180 164 0
166.19 162.115 1
0 2
188 164 0
174.286 162.192 1
0 2
196 164 0
182.268 162.246 1
0 2
204 164 0
190.306 162.251 1
0 2
212 164 0
198.318 162.26 1
0 2
220 164 0
206.326 162.271 1
0 2
228 164 0
214.333 162.297 1
0 2
236 164 0
222.34 162.305 1
0 2
244 164 0
230.403 162.422 1
0 2
252 164 0
238.429 162.471 1
0 2
260 164 0
246.428 162.551 1
0 2
268 164 0
254.443 162.569 1
0 2
276 164 0
262.512 162.623 1
0 2
284 164 0
270.567 162.688 1
0 2
292 164 0
278.565 162.729 1
0 2
300 164 0
286.573 162.744 1
0 2
340 164 0
326.631 162.955 1
0 2
348 164 0
334.602 163.017 1
0 2
356 164 0
342.61 163.046 1
0 2
364 164 0
350.608 163.065 1
0 2
372 164 0
358.606 163.088 1
0 2
380 164 0
366.591 163.128 1
0 2
388 164 0
374.589 163.131 1
0 2
396 164 0
382.6 163.147 1
0 2
404 164 0
390.606 163.172 1
0 2
412 164 0
398.583 163.194 1
0 2
420 164 0
406.545 163.269 1
0 2
428 164 0
414.548 163.305 1
0 2
436 164 0
422.406 163.349 1
0 2
444 164 0
430.439 163.156 1
0 2
452 164 0
438.42 163.424 1
0 2
460 164 0
446.296 163.648 1
0 2
468 164 0
454.286 163.487 1
0 2
476 164 0
462.333 163.567 1
0 2
484 164 0
470.224 163.686 1
0 2
492 164 0
478.173 163.711 1
0 2
500 164 0
486.145 163.733 1
0 2
508 164 0
494.115 163.751 1
0 2
516 164 0
501.987 163.82 1
0 2
524 164 0
509.919 163.844 1
0 2
532 164 0
517.897 163.84 1
0 2
540 164 0
525.858 163.871 1
0 2
548 164 0
533.755 163.937 1
0 2
556 164 0
541.745 163.97 1
0 2
564 164 0
549.669 164.009 1
0 2
572 164 0
557.545 164.088 1
0 2
580 164 0
565.498 164.128 1
0 2
588 164 0
573.426 164.192 1
0 2
596 164 0
581.368 164.226 1
0 2
604 164 0
589.291 164.283 1
0 2
612 164 0
597.167 164.31 1
0 2
620 164 0
605.13 164.359 1
0 2
628 164 0
613.059 164.436 1
0 2
28 172 0
12.7652 169.303 1
0 2
36 172 0
20.8908 169.385 1
0 2
60 172 0
45.1656 169.418 1
0 2
100 172 0
85.5292 169.683 1
0 2
108 172 0
93.5572 169.713 1
0 2
116 172 0
101.633 169.795 1
0 2
124 172 0
109.698 169.832 1
0 2
132 172 0
117.807 169.918 1
0 2
140 172 0
125.833 169.918 1
0 2
148 172 0
133.923 169.911 1
0 2
156 172 0
142.058 169.981 1
0 2
164 172 0
150.1 170.005 1
0 2
172 172 0
158.128 170.084 1
0 2
180 172 0
166.174 170.121 1
0 2
188 172 0
174.253 170.212 1
0 2
196 172 0
182.277 170.253 1
0 2
204 172 0
190.298 170.273 1
0 2
212 172 0
198.317 170.269 1
0 2
284 172 0
270.521 170.662 1
0 2
292 172 0
278.564 170.729 1
0 2
300 172 0
286.566 170.742 1
0 2
348 172 0
334.589 170.999 1
0 2
356 172 0
342.59 171.016 1
0 2
364 172 0
350.592 171.047 1
0 2
372 172 0
358.573 171.057 1
0 2
380 172 0
366.585 171.124 1
0 2
388 172 0
374.583 171.131 1
0 2
396 172 0
382.584 171.134 1
0 2
404 172 0
390.534 171.189 1
0 2
412 172 0
398.518 171.206 1
0 2
420 172 0
406.509 171.25 1
0 2
428 172 0
414.47 171.287 1
0 2
436 172 0
422.344 171.33 1
0 2
444 172 0
430.334 171.253 1
0 2
452 172 0
438.304 171.733 1
0 2
460 172 0
446.235 171.411 1
0 2
468 172 0
454.265 171.489 1
0 2
476 172 0
462.288 171.569 1
0 2
484 172 0
470.214 171.68 1
0 2
492 172 0
478.139 171.707 1
0 2
500 172 0
486.122 171.723 1
0 2
508 172 0
494.033 171.725 1
0 2
516 172 0
501.968 171.756 1
0 2
524 172 0
509.903 171.827 1
0 2
532 172 0
517.892 171.833 1
0 2
540 172 0
525.763 171.915 1
0 2
548 172 0
533.714 171.933 1
0 2
556 172 0
541.671 171.982 1
0 2
564 172 0
549.571 172.024 1
0 2
572 172 0
557.517 172.075 1
0 2
580 172 0
565.495 172.089 1
0 2
588 172 0
573.463 172.081 1
0 2
596 172 0
581.353 172.154 1
0 2
604 172 0
589.259 172.202 1
0 2
612 172 0
597.167 172.277 1
0 2
620 172 0
605.114 172.271 1
0 2
628 172 0
613.091 172.26 1
0 2
20 180 0
4.69317 177.365 1
0 2
28 180 0
12.7494 177.367 1
0 2
52 180 0
37.0722 177.491 1
0 2
60 180 0
45.1282 177.475 1
0 2
68 180 0
53.208 177.504 1
0 2
100 180 0
85.5227 177.698 1
0 2
108 180 0
93.5611 177.738 1
0 2
116 180 0
101.645 177.826 1
0 2
124 180 0
109.704 177.885 1
0 2
132 180 0
117.746 177.905 1
0 2
140 180 0
125.83 177.946 1
0 2
148 180 0
133.937 177.98 1
0 2
156 180 0
142.041 178.049 1
0 2
164 180 0
150.084 178.075 1
0 2
172 180 0
158.151 178.149 1
0 2
180 180 0
166.175 178.169 1
0 2
188 180 0
174.221 178.202 1
0 2
196 180 0
182.256 178.235 1
0 2
204 180 0
190.301 178.28 1
0 2
212 180 0
198.309 178.287 1
0 2
284 180 0
270.494 178.668 1
0 2
292 180 0
278.564 178.721 1
0 2
300 180 0
286.547 178.747 1
0 2
324 180 0
310.546 178.823 1
0 2
348 180 0
334.58 178.966 1
0 2
356 180 0
342.579 178.992 1
0 2
364 180 0
350.555 179.027 1
0 2
372 180 0
358.554 179.038 1
0 2
380 180 0
366.541 179.062 1
0 2
388 180 0
374.514 179.083 1
0 2
396 180 0
382.536 179.126 1
0 2
404 180 0
390.516 179.189 1
0 2
412 180 0
398.511 179.202 1
0 2
420 180 0
406.464 179.208 1
0 2
428 180 0
414.378 179.229 1
0 2
436 180 0
422.34 179.29 1
0 2
444 180 0
430.309 179.329 1
0 2
452 180 0
438.249 179.411 1
0 2
460 180 0
446.233 179.418 1
0 2
468 180 0
454.237 179.435 1
0 2
476 180 0
462.259 179.47 1
0 2
484 180 0
470.112 179.653 1
0 2
492 180 0
478.092 179.679 1
0 2
500 180 0
486.083 179.714 1
0 2
508 180 0
494.025 179.741 1
0 2
516 180 0
501.964 179.778 1
0 2
524 180 0
509.892 179.822 1
0 2
532 180 0
517.879 179.834 1
0 2
540 180 0
525.697 179.929 1
0 2
548 180 0
533.675 179.932 1
0 2
556 180 0
541.592 179.916 1
0 2
564 180 0
549.526 179.963 1
0 2
572 180 0
557.442 180.037 1
0 2
580 180 0
565.42 180.072 1
0 2
588 180 0
573.341 180.087 1
0 2
596 180 0
581.275 180.093 1
0 2
604 180 0
589.205 180.158 1
0 2
612 180 0
597.12 180.218 1
0 2
620 180 0
605.098 180.236 1
0 2
628 180 0
613.092 180.236 1
0 2
28 188 0
12.7403 185.445 1
0 2
36 188 0
20.8276 185.485 1
0 2
44 188 0
29.0089 185.537 1
0 2
52 188 0
37.0286 185.538 1
0 2
60 188 0
45.1102 185.533 1
0 2
68 188 0
53.2181 185.562 1
0 2
76 188 0
61.2784 185.645 1
0 2
84 188 0
69.3559 185.639 1
0 2
100 188 0
85.5129 185.742 1
0 2
108 188 0
93.5509 185.796 1
0 2
116 188 0
101.631 185.842 1
0 2
124 188 0
109.708 185.886 1
0 2
132 188 0
117.717 185.895 1
0 2
140 188 0
125.868 185.993 1
0 2
148 188 0
133.902 186.015 1
0 2
156 188 0
142.04 186.106 1
0 2
164 188 0
150.069 186.095 1
0 2
172 188 0
158.159 186.17 1
0 2
180 188 0
166.173 186.188 1
0 2
188 188 0
174.203 186.224 1
0 2
196 188 0
182.231 186.24 1
0 2
204 188 0
190.3 186.306 1
0 2
212 188 0
198.298 186.318 1
0 2
220 188 0
206.305 186.324 1
0 2
228 188 0
214.336 186.442 1
0 2
236 188 0
222.34 186.462 1
0 2
244 188 0
230.369 186.463 1
0 2
252 188 0
238.38 186.499 1
0 2
292 188 0
278.489 186.702 1
0 2
300 188 0
286.503 186.739 1
0 2
316 188 0
302.509 186.795 1
0 2
324 188 0
310.513 186.83 1
0 2
348 188 0
334.559 186.94 1
0 2
356 188 0
342.547 186.979 1
0 2
364 188 0
350.525 187.008 1
0 2
372 188 0
358.525 187.029 1
0 2
380 188 0
366.509 187.056 1
0 2
388 188 0
374.5 187.079 1
0 2
396 188 0
382.497 187.097 1
0 2
404 188 0
390.497 187.139 1
0 2
412 188 0
398.469 187.184 1
0 2
420 188 0
406.342 187.243 1
0 2
428 188 0
414.336 187.266 1
0 2
436 188 0
422.315 187.274 1
0 2
444 188 0
430.258 187.372 1
0 2
452 188 0
438.24 187.407 1
0 2
460 188 0
446.217 187.418 1
0 2
468 188 0
454.169 187.422 1
0 2
476 188 0
462.174 187.43 1
0 2
484 188 0
470.075 187.528 1
0 2
492 188 0
478.063 187.65 1
0 2
500 188 0
486.054 187.664 1
0 2
508 188 0
493.987 187.724 1
0 2
516 188 0
501.908 187.766 1
0 2
524 188 0
509.862 187.818 1
0 2
532 188 0
517.826 187.841 1
0 2
540 188 0
525.675 187.935 1
0 2
548 188 0
533.647 187.93 1
0 2
556 188 0
541.568 187.85 1
0 2
564 188 0
549.426 187.935 1
0 2
572 188 0
557.341 188.043 1
0 2
580 188 0
565.339 188.073 1
0 2
588 188 0
573.301 188.09 1
0 2
596 188 0
581.232 188.077 1
0 2
604 188 0
589.17 188.107 1
0 2
612 188 0
597.102 188.167 1
0 2
620 188 0
605.053 188.185 1
0 2
628 188 0
613.06 188.214 1
0 2
20 196 0
4.72009 193.468 1
0 2
28 196 0
12.731 193.465 1
0 2
44 196 0
28.9993 193.548 1
0 2
52 196 0
37.0332 193.564 1
0 2
60 196 0
45.0586 193.572 1
0 2
68 196 0
53.2209 193.67 1
0 2
76 196 0
61.2595 193.677 1
0 2
108 196 0
93.5562 193.861 1
0 2
116 196 0
101.57 193.875 1
0 2
124 196 0
109.7 193.902 1
0 2
132 196 0
117.796 193.957 1
0 2
140 196 0
125.835 193.992 1
0 2
148 196 0
133.874 194.042 1
0 2
156 196 0
142.012 194.114 1
0 2
164 196 0
150.025 194.124 1
0 2
172 196 0
158.121 194.181 1
0 2
180 196 0
166.158 194.203 1
0 2
188 196 0
174.194 194.227 1
0 2
196 196 0
182.22 194.246 1
0 2
204 196 0
190.275 194.311 1
0 2
212 196 0
198.28 194.32 1
0 2
220 196 0
206.289 194.334 1
0 2
228 196 0
214.308 194.402 1
0 2
236 196 0
222.33 194.483 1
0 2
244 196 0
230.331 194.497 1
0 2
252 196 0
238.348 194.526 1
0 2
260 196 0
246.379 194.578 1
0 2
284 196 0
270.406 194.623 1
0 2
292 196 0
278.433 194.681 1
0 2
300 196 0
286.496 194.723 1
0 2
308 196 0
294.472 194.75 1
0 2
316 196 0
302.464 194.792 1
0 2
324 196 0
310.461 194.825 1
0 2
332 196 0
318.457 194.851 1
0 2
340 196 0
326.459 194.873 1
0 2
348 196 0
334.528 194.919 1
0 2
356 196 0
342.514 194.99 1
0 2
364 196 0
350.504 195.001 1
0 2
372 196 0
358.495 195.029 1
0 2
380 196 0
366.496 195.047 1
0 2
388 196 0
374.489 195.073 1
0 2
396 196 0
382.478 195.092 1
0 2
404 196 0
390.458 195.108 1
0 2
412 196 0
398.344 195.131 1
0 2
420 196 0
406.31 195.196 1
0 2
428 196 0
414.246 195.34 1
0 2
436 196 0
422.233 195.321 1
0 2
444 196 0
430.223 195.364 1
0 2
452 196 0
438.203 195.38 1
0 2
460 196 0
446.119 195.409 1
0 2
468 196 0
454.113 195.392 1
0 2
476 196 0
462.111 195.385 1
0 2
484 196 0
469.988 195.417 1
0 2
492 196 0
478.049 195.651 1
0 2
500 196 0
485.937 195.658 1
0 2
508 196 0
493.82 195.839 1
0 2
564 196 0
528.849 198.115 1
0 2
572 196 0
534.88 199.825 1
0 2
588 196 0
573.231 196.071 1
0 2
596 196 0
581.199 196.052 1
0 2
604 196 0
589.126 196.025 1
0 2
612 196 0
597.066 196.123 1
0 2
620 196 0
605.044 196.151 1
0 2
628 196 0
613.036 196.184 1
0 2
20 204 0
4.71597 201.476 1
0 2
28 204 0
12.7265 201.476 1
0 2
36 204 0
20.7659 201.493 1
0 2
44 204 0
28.9831 201.565 1
0 2
52 204 0
37.0364 201.606 1
0 2
60 204 0
45.1127 201.64 1
0 2
68 204 0
53.2159 201.665 1
0 2
76 204 0
61.2431 201.687 1
0 2
84 204 0
69.3472 201.755 1
0 2
108 204 0
93.5557 201.878 1
0 2
116 204 0
101.565 201.888 1
0 2
124 204 0
109.644 201.923 1
0 2
132 204 0
117.8 202.059 1
0 2
140 204 0
125.823 202.065 1
0 2
148 204 0
133.866 202.098 1
0 2
156 204 0
141.963 202.126 1
0 2
164 204 0
149.99 202.141 1
0 2
172 204 0
158.111 202.177 1
0 2
180 204 0
166.133 202.189 1
0 2
188 204 0
174.157 202.206 1
0 2
196 204 0
182.211 202.265 1
0 2
204 204 0
190.232 202.296 1
0 2
212 204 0
198.247 202.316 1
0 2
220 204 0
206.269 202.359 1
0 2
228 204 0
214.276 202.409 1
0 2
236 204 0
222.299 202.498 1
0 2
244 204 0
230.303 202.518 1
0 2
252 204 0
238.328 202.542 1
0 2
260 204 0
246.362 202.583 1
0 2
268 204 0
254.38 202.611 1
0 2
276 204 0
262.388 202.62 1
0 2
284 204 0
270.409 202.662 1
0 2
292 204 0
278.442 202.672 1
0 2
300 204 0
286.463 202.718 1
0 2
308 204 0
294.454 202.74 1
0 2
316 204 0
302.444 202.8 1
0 2
324 204 0
310.45 202.833 1
0 2
332 204 0
318.449 202.85 1
0 2
340 204 0
326.444 202.859 1
0 2
348 204 0
334.453 202.885 1
0 2
356 204 0
342.46 202.938 1
0 2
364 204 0
350.464 202.963 1
0 2
372 204 0
358.467 203.005 1
0 2
380 204 0
366.456 203.004 1
0 2
388 204 0
374.436 203.023 1
0 2
396 204 0
382.473 203.094 1
0 2
404 204 0
389.986 202.702 1
0 2
412 204 0
398.168 203.116 1
0 2
420 204 0
405.954 203.218 1
0 2
508 204 0
468.737 206.232 1
0 2
516 204 0
477.963 206.222 1
0 2
524 204 0
486.386 206.25 1
0 2
532 204 0
494.457 206.235 1
0 2
540 204 0
502.476 206.243 1
0 2
548 204 0
510.501 206.318 1
0 2
556 204 0
518.537 206.481 1
0 2
564 204 0
526.364 206.629 1
0 2
572 204 0
530.488 206.896 1
0 2
580 204 0
537.895 207.145 1
0 2
596 204 0
581.065 204.081 1
0 2
604 204 0
589.07 204.005 1
0 2
612 204 0
597.047 204.027 1
0 2
620 204 0
604.966 204.109 1
0 2
628 204 0
612.869 204.099 1
0 2
20 212 0
4.70112 209.497 1
0 2
28 212 0
12.7216 209.505 1
0 2
36 212 0
20.7538 209.523 1
0 2
44 212 0
28.7917 209.524 1
0 2
52 212 0
36.9837 209.649 1
0 2
60 212 0
45.1195 209.672 1
0 2
68 212 0
53.1461 209.691 1
0 2
76 212 0
61.2478 209.744 1
0 2
84 212 0
69.2861 209.797 1
0 2
92 212 0
77.3633 209.872 1
0 2
100 212 0
85.5261 209.895 1
0 2
108 212 0
93.5469 209.898 1
0 2
116 212 0
101.558 209.914 1
0 2
124 212 0
109.627 209.964 1
0 2
132 212 0
117.72 210.022 1
0 2
140 212 0
125.816 210.063 1
0 2
148 212 0
133.874 210.112 1
0 2
156 212 0
141.933 210.14 1
0 2
164 212 0
149.963 210.149 1
0 2
172 212 0
158.102 210.179 1
0 2
180 212 0
166.113 210.2 1
0 2
188 212 0
174.14 210.229 1
0 2
196 212 0
182.161 210.247 1
0 2
204 212 0
190.186 210.293 1
0 2
212 212 0
198.21 210.319 1
0 2
220 212 0
206.26 210.374 1
0 2
228 212 0
214.246 210.417 1
0 2
236 212 0
222.26 210.467 1
0 2
244 212 0
230.286 210.523 1
0 2
252 212 0
238.289 210.532 1
0 2
260 212 0
246.3 210.544 1
0 2
268 212 0
254.374 210.623 1
0 2
276 212 0
262.38 210.63 1
0 2
284 212 0
270.393 210.647 1
0 2
292 212 0
278.511 210.654 1
0 2
300 212 0
286.436 210.688 1
0 2
308 212 0
294.444 210.75 1
0 2
316 212 0
302.436 210.82 1
0 2
324 212 0
310.438 210.82 1
0 2
332 212 0
318.439 210.837 1
0 2
340 212 0
326.435 210.856 1
0 2
348 212 0
334.41 210.913 1
0 2
356 212 0
342.37 210.921 1
0 2
404 212 0
365.311 213.73 1
0 2
412 212 0
373.831 212.607 1
0 2
420 212 0
381.25 213.238 1
0 2
428 212 0
389.362 213.716 1
0 2
436 212 0
397.482 213.603 1
0 2
444 212 0
405.599 213.766 1
0 2
452 212 0
413.683 213.699 1
0 2
460 212 0
421.783 213.928 1
0 2
468 212 0
429.702 214.155 1
0 2
476 212 0
436.935 214.362 1
0 2
484 212 0
443.807 214.354 1
0 2
492 212 0
451.342 214.302 1
0 2
500 212 0
459.243 214.27 1
0 2
508 212 0
467.962 214.279 1
0 2
516 212 0
477.244 214.182 1
0 2
532 212 0
494.412 214.198 1
0 2
540 212 0
502.494 214.062 1
0 2
548 212 0
510.494 214.144 1
0 2
556 212 0
518.435 214.305 1
0 2
564 212 0
526.31 214.403 1
0 2
572 212 0
531.919 214.264 1
0 2
580 212 0
538.053 214.513 1
0 2
588 212 0
545.926 214.992 1
0 2
604 212 0
589.039 212.017 1
0 2
612 212 0
597.001 212.032 1
0 2
620 212 0
604.921 212.112 1
0 2
628 212 0
612.751 212.061 1
0 2
20 220 0
4.69016 217.557 1
0 2
28 220 0
12.6944 217.558 1
0 2
36 220 0
20.7 217.571 1
0 2
44 220 0
28.7723 217.677 1
0 2
52 220 0
36.7994 217.725 1
0 2
60 220 0
45.057 217.748 1
0 2
68 220 0
53.1339 217.753 1
0 2
76 220 0
61.2266 217.821 1
0 2
84 220 0
69.2649 217.858 1
0 2
92 220 0
77.337 217.898 1
0 2
100 220 0
85.473 217.949 1
0 2
108 220 0
93.5457 217.931 1
0 2
124 220 0
109.612 218.005 1
0 2
132 220 0
117.671 218.02 1
0 2
140 220 0
125.793 218.088 1
0 2
148 220 0
133.857 218.141 1
0 2
156 220 0
141.916 218.172 1
0 2
164 220 0
149.936 218.163 1
0 2
172 220 0
157.967 218.172 1
0 2
180 220 0
166.031 218.239 1
0 2
188 220 0
174.1 218.247 1
0 2
196 220 0
182.151 218.257 1
0 2
204 220 0
190.182 218.317 1
0 2
212 220 0
198.195 218.322 1
0 2
220 220 0
206.215 218.369 1
0 2
228 220 0
214.221 218.417 1
0 2
236 220 0
222.241 218.436 1
0 2
244 220 0
230.263 218.518 1
0 2
252 220 0
238.274 218.538 1
0 2
260 220 0
246.28 218.545 1
0 2
268 220 0
254.354 218.622 1
0 2
276 220 0
262.376 218.636 1
0 2
284 220 0
270.384 218.654 1
0 2
292 220 0
278.388 218.657 1
0 2
300 220 0
286.408 218.673 1
0 2
308 220 0
294.399 218.735 1
0 2
316 220 0
302.425 218.812 1
0 2
356 220 0
323.885 221.665 1
0 2
364 220 0
328.083 220.754 1
0 2
372 220 0
335.362 220.91 1
0 2
380 220 0
343.203 221.065 1
0 2
388 220 0
351.001 221.141 1
0 2
396 220 0
358.024 221.291 1
0 2
404 220 0
364.487 221.763 1
0 2
412 220 0
372.334 221.719 1
0 2
420 220 0
380.196 221.666 1
0 2
428 220 0
388.62 221.771 1
0 2
436 220 0
397.26 221.634 1
0 2
468 220 0
429.658 221.961 1
0 2
476 220 0
436.047 222.559 1
0 2
484 220 0
443.55 222.436 1
0 2
492 220 0
451.28 222.367 1
0 2
500 220 0
459.132 222.313 1
0 2
508 220 0
467.262 222.087 1
0 2
516 220 0
476.358 222.017 1
0 2
524 220 0
485.702 221.872 1
0 2
532 220 0
494.302 221.949 1
0 2
540 220 0
502.507 222.043 1
0 2
548 220 0
510.51 222.061 1
0 2
556 220 0
520.035 222.465 1
0 2
564 220 0
530.067 222.737 1
0 2
572 220 0
535.758 222.391 1
0 2
588 220 0
545.883 223.004 1
0 2
596 220 0
553.825 222.992 1
0 2
612 220 0
596.668 219.934 1
0 2
620 220 0
604.693 220.047 1
0 2
628 220 0
612.736 220.038 1
0 2
20 228 0
4.68155 225.649 1
0 2
28 228 0
12.6943 225.656 1
0 2
36 228 0
20.7612 225.715 1
0 2
44 228 0
28.7871 225.734 1
0 2
52 228 0
36.7932 225.73 1
0 2
60 228 0
44.9479 225.819 1
0 2
68 228 0
53.0759 225.884 1
0 2
76 228 0
61.1444 225.903 1
0 2
84 228 0
69.2384 225.95 1
0 2
92 228 0
77.3174 225.926 1
0 2
100 228 0
85.4317 226.017 1
0 2
108 228 0
93.506 225.997 1
0 2
132 228 0
117.684 226.077 1
0 2
140 228 0
125.746 226.127 1
0 2
148 228 0
133.808 226.189 1
0 2
156 228 0
141.905 226.191 1
0 2
164 228 0
149.904 226.213 1
0 2
172 228 0
157.927 226.254 1
0 2
180 228 0
165.978 226.282 1
0 2
188 228 0
174.032 226.351 1
0 2
196 228 0
182.088 226.389 1
0 2
204 228 0
190.152 226.382 1
0 2
212 228 0
198.159 226.386 1
0 2
220 228 0
206.168 226.4 1
0 2
228 228 0
214.174 226.428 1
0 2
236 228 0
222.208 226.464 1
0 2
244 228 0
230.221 226.511 1
0 2
252 228 0
238.249 226.538 1
0 2
260 228 0
246.283 226.574 1
0 2
268 228 0
254.335 226.634 1
0 2
276 228 0
262.346 226.652 1
0 2
284 228 0
270.369 226.665 1
0 2
292 228 0
278.374 226.656 1
0 2
300 228 0
286.374 226.694 1
0 2
308 228 0
294.381 226.719 1
0 2
316 228 0
302.419 226.816 1
0 2
340 228 0
305.635 231.655 1
0 2
356 228 0
317.625 228.752 1
0 2
364 228 0
326.618 228.701 1
0 2
372 228 0
334.894 229.005 1
0 2
380 228 0
342.887 228.997 1
0 2
388 228 0
350.642 229.061 1
0 2
396 228 0
357.762 229.3 1
0 2
404 228 0
364.449 229.26 1
0 2
412 228 0
372.188 229.566 1
0 2
420 228 0
380.123 229.619 1
0 2
428 228 0
388.209 229.591 1
0 2
436 228 0
397.281 229.511 1
0 2
444 228 0
406.729 229.353 1
0 2
460 228 0
422.977 229.64 1
0 2
468 228 0
430.4 229.61 1
0 2
476 228 0
436.388 230.078 1
0 2
484 228 0
443.366 230.558 1
0 2
492 228 0
451.347 230.342 1
0 2
500 228 0
459.056 230.263 1
0 2
508 228 0
466.949 229.947 1
0 2
516 228 0
475.27 229.934 1
0 2
524 228 0
484.835 230.032 1
0 2
532 228 0
494.383 230.031 1
0 2
540 228 0
505.477 228.335 1
0 2
548 228 0
515.047 229.492 1
0 2
556 228 0
522.978 229.674 1
0 2
564 228 0
530.466 230.724 1
0 2
572 228 0
538.103 230.535 1
0 2
588 228 0
546.34 229.764 1
0 2
596 228 0
553.353 230.405 1
0 2
604 228 0
561.214 230.618 1
0 2
612 228 0
575.296 233.019 1
0 2
620 228 0
604.582 228.032 1
0 2
628 228 0
612.686 228.035 1
0 2
20 236 0
4.67516 233.677 1
0 2
28 236 0
12.6922 233.664 1
0 2
36 236 0
20.7544 233.762 1
0 2
44 236 0
28.7613 233.775 1
0 2
52 236 0
36.8282 233.872 1
0 2
60 236 0
44.9075 233.863 1
0 2
68 236 0
53.0212 233.918 1
0 2
76 236 0
61.1375 233.976 1
0 2
84 236 0
69.2205 234.008 1
0 2
92 236 0
77.3186 234.043 1
0 2
100 236 0
85.4519 234.063 1
0 2
108 236 0
93.4804 234.077 1
0 2
116 236 0
101.519 234.08 1
0 2
124 236 0
109.587 234.093 1
0 2
132 236 0
117.645 234.098 1
0 2
140 236 0
125.713 234.113 1
0 2
148 236 0
133.81 234.181 1
0 2
156 236 0
141.867 234.208 1
0 2
164 236 0
149.871 234.218 1
0 2
172 236 0
157.916 234.29 1
0 2
180 236 0
165.922 234.297 1
0 2
188 236 0
173.962 234.344 1
0 2
196 236 0
181.997 234.373 1
0 2
204 236 0
190.111 234.436 1
0 2
212 236 0
198.129 234.443 1
0 2
220 236 0
206.125 234.448 1
0 2
228 236 0
214.165 234.43 1
0 2
236 236 0
222.182 234.48 1
0 2
244 236 0
230.207 234.516 1
0 2
252 236 0
238.225 234.549 1
0 2
260 236 0
246.26 234.576 1
0 2
268 236 0
254.333 234.644 1
0 2
276 236 0
262.336 234.646 1
0 2
284 236 0
270.346 234.662 1
0 2
292 236 0
278.347 234.669 1
0 2
300 236 0
286.359 234.689 1
0 2
308 236 0
294.356 234.694 1
0 2
340 236 0
301.452 237.236 1
0 2
348 236 0
309.535 236.638 1
0 2
356 236 0
317.609 236.592 1
0 2
364 236 0
326.048 236.657 1
0 2
372 236 0
334.751 236.885 1
0 2
380 236 0
342.751 236.876 1
0 2
388 236 0
350.532 236.856 1
0 2
396 236 0
357.283 236.665 1
0 2
404 236 0
364.566 236.649 1
0 2
412 236 0
372.125 237.492 1
0 2
420 236 0
379.981 237.601 1
0 2
428 236 0
387.951 237.624 1
0 2
436 236 0
397.734 237.392 1
0 2
444 236 0
407.099 237.386 1
0 2
460 236 0
423.2 237.448 1
0 2
468 236 0
430.795 237.342 1
0 2
476 236 0
438.163 238.121 1
0 2
484 236 0
443.869 239.174 1
0 2
492 236 0
451.147 238.433 1
0 2
500 236 0
459.015 238.263 1
0 2
508 236 0
466.749 238.197 1
0 2
516 236 0
474.848 237.886 1
0 2
524 236 0
483.038 237.748 1
0 2
532 236 0
494.717 236.852 1
0 2
540 236 0
506.867 237.488 1
0 2
548 236 0
515.027 237.479 1
0 2
556 236 0
523.045 237.526 1
0 2
564 236 0
530.262 238.057 1
0 2
588 236 0
545.913 238.049 1
0 2
596 236 0
553.434 238.429 1
0 2
604 236 0
561.099 238.582 1
0 2
612 236 0
568.965 238.622 1
0 2
628 236 0
612.65 235.972 1
0 2
20 244 0
4.60634 241.708 1
0 2
28 244 0
12.666 241.68 1
0 2
36 244 0
20.6935 241.7 1
0 2
44 244 0
28.7235 241.814 1
0 2
52 244 0
36.847 241.894 1
0 2
60 244 0
44.8666 241.902 1
0 2
68 244 0
52.9954 241.951 1
0 2
76 244 0
61.0872 241.99 1
0 2
84 244 0
69.2224 242.049 1
0 2
92 244 0
77.2942 242.067 1
0 2
100 244 0
85.4653 242.079 1
0 2
108 244 0
93.4818 242.121 1
0 2
116 244 0
101.501 242.096 1
0 2
124 244 0
109.583 242.119 1
0 2
132 244 0
117.734 242.076 1
0 2
140 244 0
125.721 242.249 1
0 2
148 244 0
133.955 242.076 1
0 2
156 244 0
141.883 242.214 1
0 2
164 244 0
149.865 242.281 1
0 2
172 244 0
157.895 242.31 1
0 2
180 244 0
165.92 242.312 1
0 2
188 244 0
173.952 242.355 1
0 2
196 244 0
181.958 242.364 1
0 2
204 244 0
190.073 242.454 1
0 2
212 244 0
198.118 242.458 1
0 2
220 244 0
206.119 242.45 1
0 2
228 244 0
214.125 242.464 1
0 2
236 244 0
222.159 242.487 1
0 2
244 244 0
230.193 242.518 1
0 2
252 244 0
238.209 242.537 1
0 2
260 244 0
246.224 242.539 1
0 2
268 244 0
254.305 242.581 1
0 2
276 244 0
262.309 242.608 1
0 2
284 244 0
270.279 242.641 1
0 2
292 244 0
278.29 242.679 1
0 2
300 244 0
286.337 242.729 1
0 2
324 244 0
292.307 243.492 1
0 2
332 244 0
293.652 244.829 1
0 2
340 244 0
301.234 244.687 1
0 2
348 244 0
309.307 244.704 1
0 2
356 244 0
317.738 244.879 1
0 2
364 244 0
326.803 245.164 1
0 2
372 244 0
334.771 244.906 1
0 2
380 244 0
342.723 244.868 1
0 2
396 244 0
357.199 244.777 1
0 2
404 244 0
364.409 245.257 1
0 2
412 244 0
372.066 245.492 1
0 2
428 244 0
387.892 245.632 1
0 2
436 244 0
398.26 245.504 1
0 2
444 244 0
408.306 245.568 1
0 2
452 244 0
416.851 244.708 1
0 2
460 244 0
423.657 245.031 1
0 2
468 244 0
430.419 243.788 1
0 2
476 244 0
437.765 245.727 1
0 2
484 244 0
443.669 247.025 1
0 2
492 244 0
451.173 246.711 1
0 2
500 244 0
458.932 246.22 1
0 2
508 244 0
466.669 246.116 1
0 2
516 244 0
474.64 246.107 1
0 2
524 244 0
482.701 246.055 1
0 2
532 244 0
491.207 246.218 1
0 2
556 244 0
522.062 245.393 1
0 2
580 244 0
537.808 246.387 1
0 2
588 244 0
545.602 246.464 1
0 2
596 244 0
553.432 246.557 1
0 2
604 244 0
561.104 246.446 1
0 2
612 244 0
568.513 246.499 1
0 2
620 244 0
576.326 246.704 1
0 2
28 252 0
12.6197 249.738 1
0 2
36 252 0
20.6685 249.757 1
0 2
68 252 0
52.9257 249.949 1
0 2
76 252 0
61.1311 250.034 1
0 2
84 252 0
69.161 250.042 1
0 2
92 252 0
77.2746 250.111 1
0 2
100 252 0
85.3436 250.11 1
0 2
108 252 0
93.4388 250.132 1
0 2
116 252 0
101.456 250.182 1
0 2
124 252 0
109.633 250.239 1
0 2
132 252 0
117.637 250.368 1
0 2
140 252 0
125.847 250.22 1
0 2
148 252 0
133.965 250.133 1
0 2
156 252 0
141.869 250.18 1
0 2
164 252 0
149.848 250.284 1
0 2
172 252 0
157.875 250.343 1
0 2
180 252 0
165.894 250.36 1
0 2
188 252 0
173.932 250.382 1
0 2
196 252 0
181.95 250.395 1
0 2
204 252 0
189.965 250.41 1
0 2
212 252 0
197.981 250.427 1
0 2
220 252 0
206.082 250.447 1
0 2
228 252 0
214.065 250.478 1
0 2
236 252 0
222.115 250.499 1
0 2
244 252 0
230.193 250.533 1
0 2
252 252 0
238.185 250.544 1
0 2
260 252 0
246.182 250.543 1
0 2
268 252 0
254.193 250.543 1
0 2
276 252 0
262.182 250.538 1
0 2
284 252 0
270.181 250.612 1
0 2
292 252 0
278.248 250.661 1
0 2
308 252 0
280.362 255.51 1
0 2
316 252 0
284.403 251.867 1
0 2
324 252 0
285.742 251.542 1
0 2
332 252 0
293.247 252.7 1
0 2
340 252 0
301.188 252.633 1
0 2
348 252 0
309.307 252.311 1
0 2
356 252 0
317.51 252.317 1
0 2
364 252 0
326.645 252.715 1
0 2
372 252 0
334.619 252.722 1
0 2
396 252 0
357.123 252.826 1
0 2
404 252 0
364.222 253.46 1
0 2
412 252 0
371.965 253.568 1
0 2
420 252 0
379.838 253.632 1
0 2
428 252 0
387.832 253.639 1
0 2
436 252 0
399.111 253.447 1
0 2
444 252 0
412.237 252.507 1
0 2
452 252 0
420.369 252.447 1
0 2
460 252 0
426.882 253.102 1
0 2
468 252 0
430.164 252.153 1
0 2
476 252 0
436.145 252.324 1
0 2
484 252 0
442.952 253.961 1
0 2
492 252 0
450.801 253.999 1
0 2
500 252 0
458.786 254.075 1
0 2
508 252 0
466.629 254.049 1
0 2
516 252 0
474.449 254.077 1
0 2
524 252 0
482.417 253.997 1
0 2
532 252 0
490.411 254.063 1
0 2
604 252 0
561.041 254.36 1
0 2
612 252 0
568.402 254.406 1
0 2
620 252 0
576.352 254.422 1
0 2
28 260 0
12.6107 257.792 1
0 2
36 260 0
20.658 257.8 1
0 2
44 260 0
28.6761 257.866 1
0 2
60 260 0
44.819 257.935 1
0 2
68 260 0
52.876 258.011 1
0 2
76 260 0
61.0969 258.092 1
0 2
84 260 0
69.1469 258.078 1
0 2
92 260 0
77.266 258.116 1
0 2
100 260 0
85.354 258.144 1
0 2
108 260 0
93.4082 258.179 1
0 2
116 260 0
101.425 258.188 1
0 2
124 260 0
109.635 258.224 1
0 2
132 260 0
117.676 258.215 1
0 2
140 260 0
126.043 258.111 1
0 2
148 260 0
134.062 258.079 1
0 2
156 260 0
141.835 258.203 1
0 2
164 260 0
149.799 258.261 1
0 2
172 260 0
157.861 258.382 1
0 2
180 260 0
165.873 258.396 1
0 2
188 260 0
173.92 258.418 1
0 2
196 260 0
181.934 258.434 1
0 2
204 260 0
189.952 258.442 1
0 2
212 260 0
197.958 258.443 1
0 2
220 260 0
205.985 258.431 1
0 2
228 260 0
214.036 258.451 1
0 2
236 260 0
222.083 258.465 1
0 2
244 260 0
230.149 258.55 1
0 2
252 260 0
238.171 258.549 1
0 2
260 260 0
246.178 258.549 1
0 2
268 260 0
254.175 258.543 1
0 2
276 260 0
262.152 258.549 1
0 2
284 260 0
270.127 258.57 1
0 2
316 260 0
277.472 261.147 1
0 2
324 260 0
284.833 261.028 1
0 2
332 260 0
292.564 261.032 1
0 2
340 260 0
300.658 260.955 1
0 2
348 260 0
309.217 260.913 1
0 2
356 260 0
317.342 260.939 1
0 2
396 260 0
356.725 261.082 1
0 2
404 260 0
364.219 261.462 1
0 2
412 260 0
371.922 261.591 1
0 2
420 260 0
379.896 261.604 1
0 2
428 260 0
387.857 261.62 1
0 2
436 260 0
400.205 259.963 1
0 2
444 260 0
410.169 260.132 1
0 2
452 260 0
417.579 260.807 1
0 2
460 260 0
424.254 260.939 1
0 2
468 260 0
429.182 261.837 1
0 2
476 260 0
435.457 261.789 1
0 2
484 260 0
442.862 261.933 1
0 2
492 260 0
450.693 261.99 1
0 2
500 260 0
458.648 262.023 1
0 2
508 260 0
466.608 262.022 1
0 2
516 260 0
474.415 262.044 1
0 2
524 260 0
482.383 262.065 1
0 2
596 260 0
553.099 262.367 1
0 2
604 260 0
560.917 262.359 1
0 2
612 260 0
568.35 262.392 1
0 2
620 260 0
576.348 262.404 1
0 2
28 268 0
12.6074 265.878 1
0 2
36 268 0
20.6555 265.871 1
0 2
44 268 0
28.6455 265.916 1
0 2
52 268 0
36.6637 265.934 1
0 2
60 268 0
44.748 265.996 1
0 2
68 268 0
52.755 266.063 1
0 2
76 268 0
60.8298 266.136 1
0 2
84 268 0
69.1683 266.137 1
0 2
92 268 0
77.1806 266.147 1
0 2
100 268 0
85.4002 266.182 1
0 2
108 268 0
93.403 266.189 1
0 2
116 268 0
101.417 266.194 1
0 2
124 268 0
109.514 266.252 1
0 2
132 268 0
117.677 266.225 1
0 2
140 268 0
126.025 266.104 1
0 2
148 268 0
133.866 266.086 1
0 2
156 268 0
141.777 266.244 1
0 2
164 268 0
149.827 266.321 1
0 2
172 268 0
157.854 266.389 1
0 2
180 268 0
165.873 266.429 1
0 2
188 268 0
173.889 266.429 1
0 2
196 268 0
181.925 266.437 1
0 2
204 268 0
189.944 266.443 1
0 2
212 268 0
197.956 266.451 1
0 2
220 268 0
205.963 266.448 1
0 2
228 268 0
213.986 266.456 1
0 2
236 268 0
222.004 266.473 1
0 2
244 268 0
230.083 266.567 1
0 2
252 268 0
238.11 266.607 1
0 2
260 268 0
246.152 266.556 1
0 2
268 268 0
254.033 266.738 1
0 2
300 268 0
264.069 268.451 1
0 2
308 268 0
269.441 268.558 1
0 2
316 268 0
276.79 269.123 1
0 2
324 268 0
284.585 269.093 1
0 2
332 268 0
292.411 269.161 1
0 2
340 268 0
300.518 269.264 1
0 2
348 268 0
308.856 269.364 1
0 2
356 268 0
317.32 269.024 1
0 2
364 268 0
325.363 269.017 1
0 2
388 268 0
349.096 269.335 1
0 2
396 268 0
356.672 269.341 1
0 2
404 268 0
364.108 269.529 1
0 2
412 268 0
371.91 269.6 1
0 2
420 268 0
379.903 269.601 1
0 2
428 268 0
387.991 269.617 1
0 2
436 268 0
396.387 269.605 1
0 2
444 268 0
404.945 269.288 1
0 2
468 268 0
428.331 269.377 1
0 2
476 268 0
435.113 269.743 1
0 2
484 268 0
442.841 269.796 1
0 2
492 268 0
450.629 270.09 1
0 2
500 268 0
458.625 269.991 1
0 2
508 268 0
466.508 269.979 1
0 2
516 268 0
474.408 270.033 1
0 2
596 268 0
552.968 270.339 1
0 2
604 268 0
560.695 270.376 1
0 2
612 268 0
568.32 270.371 1
0 2
620 268 0
576.332 270.379 1
0 2
628 268 0
584.315 270.185 1
0 2
20 276 0
4.40771 273.982 1
0 2
28 276 0
12.4507 273.944 1
0 2
36 276 0
20.5577 273.888 1
0 2
44 276 0
28.5671 273.908 1
0 2
52 276 0
36.5934 273.936 1
0 2
60 276 0
44.5849 273.989 1
0 2
68 276 0
52.5572 274.026 1
0 2
76 276 0
60.6519 274.025 1
0 2
84 276 0
69.252 274.154 1
0 2
92 276 0
77.186 274.143 1
0 2
100 276 0
85.2506 274.067 1
0 2
108 276 0
93.3324 274.226 1
0 2
116 276 0
101.327 274.309 1
0 2
124 276 0
109.433 274.357 1
0 2
132 276 0
117.547 274.374 1
0 2
140 276 0
125.75 274.187 1
0 2
148 276 0
133.706 274.257 1
0 2
156 276 0
141.724 274.256 1
0 2
164 276 0
149.772 274.262 1
0 2
172 276 0
157.805 274.426 1
0 2
180 276 0
165.797 274.459 1
0 2
188 276 0
173.798 274.447 1
0 2
196 276 0
181.858 274.453 1
0 2
204 276 0
189.924 274.453 1
0 2
212 276 0
197.966 274.485 1
0 2
220 276 0
205.966 274.462 1
0 2
228 276 0
213.964 274.478 1
0 2
236 276 0
221.963 274.491 1
0 2
276 276 0
237.253 276.776 1
0 2
284 276 0
245.143 276.818 1
0 2
292 276 0
253.052 276.994 1
0 2
300 276 0
260.821 277.055 1
0 2
308 276 0
268.709 277.185 1
0 2
316 276 0
276.614 277.111 1
0 2
324 276 0
284.599 277.105 1
0 2
332 276 0
292.544 277.185 1
0 2
340 276 0
300.535 277.231 1
0 2
348 276 0
308.78 277.492 1
0 2
356 276 0
317.222 277.202 1
0 2
364 276 0
325.29 277.175 1
0 2
388 276 0
349.074 277.336 1
0 2
396 276 0
356.132 277.272 1
0 2
404 276 0
363.955 277.411 1
0 2
412 276 0
371.785 277.708 1
0 2
420 276 0
379.887 277.599 1
0 2
428 276 0
387.999 277.586 1
0 2
468 276 0
428.09 277.016 1
0 2
476 276 0
435.062 277.683 1
0 2
484 276 0
442.797 277.95 1
0 2
492 276 0
450.565 277.768 1
0 2
500 276 0
458.584 277.901 1
0 2
508 276 0
466.493 277.95 1
0 2
516 276 0
474.412 277.974 1
0 2
556 276 0
513.931 278.077 1
0 2
564 276 0
521.678 278.116 1
0 2
572 276 0
529.479 278.214 1
0 2
580 276 0
537.042 278.193 1
0 2
596 276 0
552.795 278.263 1
0 2
604 276 0
560.584 278.284 1
0 2
612 276 0
568.216 278.292 1
0 2
620 276 0
576.23 278.279 1
0 2
628 276 0
584.206 278.213 1
0 2
20 284 0
4.41055 281.984 1
0 2
28 284 0
12.4098 281.98 1
0 2
36 284 0
20.4408 281.953 1
0 2
44 284 0
28.4888 281.893 1
0 2
52 284 0
35.7174 281.692 1
0 2
60 284 0
42.0124 282.186 1
0 2
68 284 0
49.4047 282.636 1
0 2
76 284 0
56.9732 282.663 1
0 2
84 284 0
65.0148 282.722 1
0 2
92 284 0
75.2787 282.699 1
0 2
100 284 0
84.2678 282.575 1
0 2
108 284 0
90.2118 283.188 1
0 2
116 284 0
99.0992 283.171 1
0 2
124 284 0
108.622 282.534 1
0 2
132 284 0
117.418 282.417 1
0 2
148 284 0
133.673 282.284 1
0 2
156 284 0
141.698 282.279 1
0 2
164 284 0
149.744 282.402 1
0 2
172 284 0
157.74 282.457 1
0 2
180 284 0
165.743 282.456 1
0 2
188 284 0
173.744 282.451 1
0 2
196 284 0
181.825 282.465 1
0 2
252 284 0
213.507 284.792 1
0 2
260 284 0
221.121 284.898 1
0 2
308 284 0
268.633 285.141 1
0 2
316 284 0
276.612 285.142 1
0 2
324 284 0
284.607 285.149 1
0 2
332 284 0
292.593 285.166 1
0 2
340 284 0
300.564 285.225 1
0 2
348 284 0
308.785 285.14 1
0 2
356 284 0
317.171 285.03 1
0 2
388 284 0
349.177 285.33 1
0 2
396 284 0
356.048 285.466 1
0 2
404 284 0
363.883 285.291 1
0 2
412 284 0
371.802 285.5 1
0 2
420 284 0
379.772 285.553 1
0 2
428 284 0
387.963 285.534 1
0 2
476 284 0
435.014 285.472 1
0 2
484 284 0
442.767 285.651 1
0 2
492 284 0
450.62 285.709 1
0 2
500 284 0
458.552 285.767 1
0 2
508 284 0
466.473 285.803 1
0 2
516 284 0
474.385 285.854 1
0 2
548 284 0
506.055 285.976 1
0 2
556 284 0
513.831 286.072 1
0 2
564 284 0
521.612 286.102 1
0 2
572 284 0
529.398 286.135 1
0 2
580 284 0
537.044 286.16 1
0 2
596 284 0
552.739 286.102 1
0 2
604 284 0
560.589 286.143 1
0 2
612 284 0
568.183 286.239 1
0 2
620 284 0
576.219 286.208 1
0 2
628 284 0
584.478 285.575 1
0 2
20 292 0
4.44262 290.004 1
0 2
28 292 0
12.3636 290.021 1
0 2
36 292 0
20.264 290.048 1
0 2
44 292 0
28.2391 289.898 1
0 2
52 292 0
35.4045 289.965 1
0 2
60 292 0
40.6444 290.796 1
0 2
68 292 0
48.8845 290.385 1
0 2
76 292 0
56.5769 290.352 1
0 2
84 292 0
64.6909 290.402 1
0 2
92 292 0
72.619 290.393 1
0 2
100 292 0
80.4856 290.397 1
0 2
108 292 0
88.6259 290.242 1
0 2
116 292 0
96.6722 290.126 1
0 2
124 292 0
105.879 290.048 1
0 2
132 292 0
114.895 290.807 1
0 2
140 292 0
125.341 290.419 1
0 2
156 292 0
141.627 290.316 1
0 2
164 292 0
149.724 290.418 1
0 2
172 292 0
157.727 290.447 1
0 2
180 292 0
165.723 290.424 1
0 2
188 292 0
173.736 290.442 1
0 2
212 292 0
184.418 288.858 1
0 2
228 292 0
189.817 292.49 1
0 2
236 292 0
197.23 292.778 1
0 2
308 292 0
268.617 293.154 1
0 2
316 292 0
276.606 293.154 1
0 2
332 292 0
292.614 293.152 1
0 2
388 292 0
349.29 293.135 1
0 2
396 292 0
356.618 293.271 1
0 2
404 292 0
363.946 293.422 1
0 2
412 292 0
371.897 293.456 1
0 2
420 292 0
379.86 293.487 1
0 2
428 292 0
387.942 293.495 1
0 2
476 292 0
434.989 293.552 1
0 2
484 292 0
442.741 293.589 1
0 2
492 292 0
450.598 293.631 1
0 2
500 292 0
458.533 293.653 1
0 2
508 292 0
466.516 293.723 1
0 2
516 292 0
474.384 293.819 1
0 2
556 292 0
513.943 293.917 1
0 2
564 292 0
521.495 294.175 1
0 2
572 292 0
529.282 294.161 1
0 2
580 292 0
537.076 294.109 1
0 2
588 292 0
545.027 294.057 1
0 2
604 292 0
560.707 294.019 1
0 2
612 292 0
568.428 293.949 1
0 2
620 292 0
576.194 293.858 1
0 2
628 292 0
584.474 293.897 1
0 2
20 300 0
4.48245 298.071 1
0 2
28 300 0
12.3201 298.103 1
0 2
36 300 0
20.1802 298.186 1
0 2
44 300 0
26.66 298.464 1
0 2
52 300 0
33.2769 298.29 1
0 2
60 300 0
40.9197 298.418 1
0 2
68 300 0
48.8075 298.258 1
0 2
76 300 0
56.5917 298.299 1
0 2
84 300 0
64.2443 298.245 1
0 2
92 300 0
72.4047 298.334 1
0 2
100 300 0
80.4124 298.238 1
0 2
108 300 0
88.4018 298.261 1
0 2
116 300 0
96.4932 298.626 1
0 2
124 300 0
104.583 298.579 1
0 2
132 300 0
112.442 298.265 1
0 2
140 300 0
124.703 298.434 1
0 2
148 300 0
133.404 298.293 1
0 2
156 300 0
141.465 298.312 1
0 2
164 300 0
149.513 298.333 1
0 2
172 300 0
157.556 298.381 1
0 2
180 300 0
165.573 298.354 1
0 2
212 300 0
176.891 300.85 1
0 2
220 300 0
181.171 300.696 1
0 2
228 300 0
189.14 300.783 1
0 2
236 300 0
197.044 300.825 1
0 2
284 300 0
244.878 301.056 1
0 2
292 300 0
252.766 301.086 1
0 2
300 300 0
260.637 301.117 1
0 2
308 300 0
268.594 301.14 1
0 2
316 300 0
276.6 301.141 1
0 2
412 300 0
371.908 301.469 1
0 2
420 300 0
379.866 301.479 1
0 2
428 300 0
387.96 301.484 1
0 2
460 300 0
420.109 301.507 1
0 2
468 300 0
427.882 301.486 1
0 2
476 300 0
435.038 301.473 1
0 2
484 300 0
442.666 301.443 1
0 2
492 300 0
450.538 301.528 1
0 2
500 300 0
458.524 301.584 1
0 2
508 300 0
466.516 301.57 1
0 2
516 300 0
474.419 301.631 1
0 2
524 300 0
482.337 301.691 1
0 2
532 300 0
490.226 301.641 1
0 2
540 300 0
498.21 301.831 1
0 2
548 300 0
506.035 301.865 1
0 2
556 300 0
513.96 301.891 1
0 2
564 300 0
521.695 301.935 1
0 2
572 300 0
529.211 302.082 1
0 2
580 300 0
537.08 302.071 1
0 2
588 300 0
545.048 302.056 1
0 2
612 300 0
568.581 301.904 1
0 2
620 300 0
576.06 301.711 1
0 2
628 300 0
584.052 301.714 1
0 2
20 308 0
4.3836 305.965 1
0 2
28 308 0
12.2001 306.027 1
0 2
36 308 0
19.5337 306.274 1
0 2
44 308 0
25.332 306.093 1
0 2
52 308 0
33.1103 306.387 1
0 2
60 308 0
40.8537 306.306 1
0 2
68 308 0
48.5528 306.095 1
0 2
76 308 0
56.4847 306.245 1
0 2
84 308 0
64.3461 306.174 1
0 2
92 308 0
72.4122 306.259 1
0 2
100 308 0
80.4066 306.229 1
0 2
108 308 0
88.3688 306.281 1
0 2
116 308 0
96.2379 306.211 1
0 2
124 308 0
104.432 306.268 1
0 2
132 308 0
112.414 306.156 1
0 2
140 308 0
124.16 306.513 1
0 2
148 308 0
132.64 306.525 1
0 2
156 308 0
141.167 306.44 1
0 2
172 308 0
157.296 306.564 1
0 2
212 308 0
174.741 307.311 1
0 2
220 308 0
181.005 308.38 1
0 2
228 308 0
188.974 308.843 1
0 2
236 308 0
196.983 308.835 1
0 2
244 308 0
204.986 308.835 1
0 2
252 308 0
212.977 308.8 1
0 2
260 308 0
221.025 308.93 1
0 2
276 308 0
236.988 309.222 1
0 2
284 308 0
244.897 309.336 1
0 2
292 308 0
252.763 309.119 1
0 2
300 308 0
260.595 309.133 1
0 2
308 308 0
268.583 309.133 1
0 2
316 308 0
276.581 309.139 1
0 2
324 308 0
284.618 309.133 1
0 2
380 308 0
353.94 308.011 1
0 2
412 308 0
372.063 309.445 1
0 2
420 308 0
379.846 309.433 1
0 2
428 308 0
387.962 309.391 1
0 2
436 308 0
396.158 309.502 1
0 2
468 308 0
428.016 309.578 1
0 2
476 308 0
434.997 309.218 1
0 2
484 308 0
442.612 309.547 1
0 2
492 308 0
450.547 309.519 1
0 2
500 308 0
458.542 309.518 1
0 2
508 308 0
466.535 309.512 1
0 2
516 308 0
474.484 309.384 1
0 2
524 308 0
482.535 309.244 1
0 2
532 308 0
490.567 309.544 1
0 2
540 308 0
498.615 309.978 1
0 2
548 308 0
506.471 309.649 1
0 2
556 308 0
513.906 310.001 1
0 2
564 308 0
521.678 309.989 1
0 2
572 308 0
529.573 309.907 1
0 2
580 308 0
537.082 310.046 1
0 2
588 308 0
545.053 310.055 1
0 2
612 308 0
568.76 309.97 1
0 2
620 308 0
576.036 309.652 1
0 2
628 308 0
583.882 309.55 1
0 2
20 316 0
4.01071 313.913 1
0 2
28 316 0
11.9179 313.926 1
0 2
36 316 0
19.3266 314.064 1
0 2
44 316 0
25.1445 314.231 1
0 2
52 316 0
32.9906 314.168 1
0 2
60 316 0
40.7878 314.082 1
0 2
68 316 0
48.5536 314.125 1
0 2
76 316 0
56.4978 314.27 1
0 2
84 316 0
64.4145 314.29 1
0 2
92 316 0
72.5161 314.188 1
0 2
100 316 0
80.511 314.258 1
0 2
108 316 0
88.5611 314.114 1
0 2
116 316 0
96.5721 314.118 1
0 2
124 316 0
104.446 314.158 1
0 2
132 316 0
112.971 314.413 1
0 2
140 316 0
123.502 314.354 1
0 2
212 316 0
175.345 315.881 1
0 2
220 316 0
180.86 316.846 1
0 2
228 316 0
188.825 316.884 1
0 2
236 316 0
196.804 316.877 1
0 2
244 316 0
204.849 316.817 1
0 2
252 316 0
212.956 316.837 1
0 2
260 316 0
221.013 316.874 1
0 2
268 316 0
229.024 316.885 1
0 2
276 316 0
237.035 317.137 1
0 2
284 316 0
244.983 317.149 1
0 2
292 316 0
252.817 317.191 1
0 2
300 316 0
260.55 317.222 1
0 2
308 316 0
268.419 317.179 1
0 2
316 316 0
276.461 317.179 1
0 2
324 316 0
284.609 317.142 1
0 2
332 316 0
293.625 316.831 1
0 2
340 316 0
312.83 316.008 1
0 2
348 316 0
321.636 315.989 1
0 2
356 316 0
329.736 315.996 1
0 2
364 316 0
337.836 316.033 1
0 2
372 316 0
346.002 316.069 1
0 2
380 316 0
354.179 316.04 1
0 2
388 316 0
362.171 316.071 1
0 2
396 316 0
367.652 316.29 1
0 2
420 316 0
379.751 317.198 1
0 2
428 316 0
387.826 317.344 1
0 2
476 316 0
434.935 317.661 1
0 2
484 316 0
442.663 317.578 1
0 2
492 316 0
450.552 317.52 1
0 2
500 316 0
458.545 317.497 1
0 2
508 316 0
466.417 317.263 1
0 2
516 316 0
474.499 316.912 1
0 2
524 316 0
484.014 316.432 1
0 2
532 316 0
492.352 317.26 1
0 2
540 316 0
500.302 318.058 1
0 2
548 316 0
507.555 318.852 1
0 2
556 316 0
513.949 318.545 1
0 2
564 316 0
521.631 318.163 1
0 2
572 316 0
529.495 317.998 1
0 2
580 316 0
537.031 318.011 1
0 2
588 316 0
545.056 318.045 1
0 2
604 316 0
561.05 318.047 1
0 2
612 316 0
568.798 317.737 1
0 2
620 316 0
576.496 317.635 1
0 2
628 316 0
583.81 317.335 1
0 2
36 324 0
19.5842 322.214 1
0 2
44 324 0
25.8459 322.409 1
0 2
52 324 0
33.2502 322.192 1
0 2
60 324 0
41.0558 322.029 1
0 2
68 324 0
48.8765 322.091 1
0 2
76 324 0
57.6884 322.323 1
0 2
84 324 0
65.237 322.274 1
0 2
92 324 0
73.882 322.232 1
0 2
100 324 0
81.7081 322.262 1
0 2
108 324 0
89.7498 322.274 1
0 2
116 324 0
97.6603 322.212 1
0 2
124 324 0
105.773 322.052 1
0 2
132 324 0
114.959 322.3 1
0 2
212 324 0
174.318 324.217 1
0 2
220 324 0
181.027 324.807 1
0 2
228 324 0
188.775 324.752 1
0 2
236 324 0
196.736 324.865 1
0 2
244 324 0
204.839 324.805 1
0 2
252 324 0
212.921 324.81 1
0 2
260 324 0
221.025 324.823 1
0 2
268 324 0
229.109 324.83 1
0 2
276 324 0
237.164 325.128 1
0 2
284 324 0
245.022 325.1 1
0 2
292 324 0
252.848 325.263 1
0 2
300 324 0
260.771 325.224 1
0 2
308 324 0
268.475 325.147 1
0 2
316 324 0
276.452 325.144 1
0 2
324 324 0
284.575 325.29 1
0 2
332 324 0
295.107 325.6 1
0 2
340 324 0
313.185 323.928 1
0 2
348 324 0
321.603 324.014 1
0 2
356 324 0
329.69 324 1
0 2
364 324 0
337.853 324.017 1
0 2
372 324 0
346.069 324.004 1
0 2
380 324 0
354.216 323.913 1
0 2
476 324 0
435.464 325.696 1
0 2
484 324 0
442.77 325.635 1
0 2
492 324 0
450.532 325.483 1
0 2
500 324 0
458.442 325.334 1
0 2
508 324 0
466.429 325.041 1
0 2
516 324 0
475.175 323.882 1
0 2
524 324 0
483.779 324.179 1
0 2
532 324 0
491.363 324.893 1
0 2
540 324 0
499.361 325.741 1
0 2
548 324 0
507.032 326.976 1
0 2
556 324 0
514.627 327.727 1
0 2
564 324 0
521.647 326.542 1
0 2
572 324 0
529.31 326.014 1
0 2
580 324 0
537.173 325.7 1
0 2
588 324 0
545.341 325.389 1
0 2
596 324 0
553.418 325.184 1
0 2
604 324 0
561.484 325.286 1
0 2
612 324 0
569.686 324.91 1
0 2
620 324 0
579.072 322.927 1
0 2
628 324 0
588.158 323.003 1
0 2
44 332 0
27.5473 330.431 1
0 2
52 332 0
35.4325 330.485 1
0 2
60 332 0
43.3759 330.534 1
0 2
68 332 0
51.4588 330.583 1
0 2
76 332 0
59.4986 330.56 1
0 2
84 332 0
67.4957 330.531 1
0 2
92 332 0
75.5053 330.521 1
0 2
116 332 0
99.5459 330.464 1
0 2
124 332 0
107.566 330.452 1
0 2
212 332 0
176.316 333.207 1
0 2
220 332 0
181.196 332.972 1
0 2
228 332 0
188.825 332.894 1
0 2
236 332 0
196.739 332.736 1
0 2
244 332 0
204.802 332.76 1
0 2
252 332 0
212.948 332.769 1
0 2
260 332 0
221.084 332.711 1
0 2
268 332 0
230.008 332.557 1
0 2
276 332 0
238.74 332.885 1
0 2
284 332 0
245.766 333.634 1
0 2
292 332 0
253.014 333.32 1
0 2
300 332 0
260.935 333.283 1
0 2
308 332 0
268.481 333.151 1
0 2
316 332 0
276.486 333.139 1
0 2
324 332 0
284.514 333.126 1
0 2
332 332 0
293.005 332.938 1
0 2
476 332 0
435.842 333.458 1
0 2
484 332 0
442.773 333.318 1
0 2
492 332 0
450.542 333.272 1
0 2
500 332 0
458.479 333.153 1
0 2
508 332 0
466.353 332.814 1
0 2
516 332 0
474.245 330.274 1
0 2
524 332 0
482.317 331.06 1
0 2
532 332 0
490.173 332.224 1
0 2
540 332 0
497.693 333.292 1
0 2
548 332 0
506.078 334.999 1
0 2
556 332 0
513.565 335.727 1
0 2
564 332 0
521.059 335.331 1
0 2
572 332 0
528.801 333.811 1
0 2
580 332 0
537.195 332.919 1
0 2
588 332 0
545.801 332.25 1
0 2
596 332 0
554.8 331.532 1
0 2
604 332 0
564.016 331.872 1
0 2
612 332 0
573.708 331.421 1
0 2
620 332 0
582.231 331.499 1
0 2
628 332 0
593.367 331.357 1
0 2
220 340 0
181.105 340.853 1
0 2
228 340 0
189.026 340.859 1
0 2
236 340 0
196.694 340.757 1
0 2
244 340 0
204.77 340.75 1
0 2
252 340 0
212.811 340.72 1
0 2
260 340 0
221.686 339.941 1
0 2
268 340 0
230.548 339.632 1
0 2
276 340 0
238.72 340.914 1
0 2
284 340 0
246.659 341.524 1
0 2
292 340 0
253.708 342.051 1
0 2
300 340 0
261.129 341.383 1
0 2
308 340 0
268.49 341.169 1
0 2
316 340 0
276.484 341.136 1
0 2
324 340 0
284.53 341.049 1
0 2
332 340 0
292.673 340.982 1
0 2
372 340 0
346.167 339.96 1
0 2
404 340 0
378.222 339.978 1
0 2
476 340 0
436.357 340.879 1
0 2
484 340 0
443.223 341.146 1
0 2
492 340 0
450.645 341.137 1
0 2
500 340 0
458.276 340.934 1
0 2
508 340 0
465.92 340.357 1
0 2
516 340 0
473.93 339.035 1
0 2
524 340 0
481.59 340.002 1
0 2
532 340 0
489.001 340.799 1
0 2
540 340 0
497.203 341.579 1
0 2
548 340 0
504.764 342.781 1
0 2
556 340 0
512.59 342.956 1
0 2
564 340 0
520.634 343.278 1
0 2
572 340 0
528.622 341.612 1
0 2
580 340 0
537.277 340.838 1
0 2
588 340 0
547.602 339.803 1
0 2
596 340 0
557.351 339.045 1
0 2
220 348 0
181.09 348.879 1
0 2
228 348 0
189.065 348.882 1
0 2
236 348 0
196.727 348.966 1
0 2
244 348 0
204.639 348.991 1
0 2
252 348 0
212.739 348.74 1
0 2
260 348 0
221.14 346.414 1
0 2
268 348 0
229.663 347.678 1
0 2
276 348 0
237.625 348.785 1
0 2
284 348 0
245.047 350.327 1
0 2
292 348 0
252.817 350.787 1
0 2
300 348 0
260.694 351.214 1
0 2
308 348 0
268.525 349.17 1
0 2
316 348 0
276.494 349.132 1
0 2
324 348 0
284.507 349.118 1
0 2
332 348 0
292.688 349.007 1
0 2
492 348 0
453.78 348.434 1
0 2
500 348 0
458.203 348.811 1
0 2
508 348 0
465.431 348.277 1
0 2
516 348 0
473.304 346.797 1
0 2
524 348 0
479.553 347.274 1
0 2
532 348 0
487.913 348.341 1
0 2
540 348 0
495.543 350.225 1
0 2
548 348 0
503.588 350.459 1
0 2
556 348 0
511.833 350.177 1
0 2
564 348 0
520.942 349.179 1
0 2
572 348 0
529.678 348.474 1
0 2
580 348 0
539.192 348.192 1
0 2
228 356 0
189.087 356.879 1
0 2
236 356 0
196.779 356.798 1
0 2
244 356 0
204.585 356.85 1
0 2
252 356 0
212.426 356.708 1
0 2
260 356 0
220.007 356.612 1
0 2
268 356 0
228.124 355.751 1
0 2
276 356 0
236.461 356.831 1
0 2
284 356 0
244.482 357.479 1
0 2
292 356 0
251.849 358.215 1
0 2
300 356 0
260.076 357.253 1
0 2
308 356 0
268.534 357.144 1
0 2
316 356 0
276.544 357.129 1
0 2
324 356 0
284.578 357.083 1
0 2
332 356 0
293.803 356.942 1
0 2
508 356 0
465.397 356.212 1
0 2
516 356 0
473.05 355.806 1
0 2
524 356 0
479.538 355.556 1
0 2
532 356 0
487.366 356.29 1
0 2
540 356 0
495.285 357.843 1
0 2
548 356 0
503.144 358.251 1
0 2
556 356 0
512.285 357.796 1
0 2
564 356 0
521.845 356.831 1
0 2
572 356 0
532.387 354.87 1
0 2
580 356 0
542.564 354.899 1
0 2
588 356 0
551.507 354.845 1
0 2
596 356 0
559.965 354.55 1
0 2
604 356 0
568.985 354.472 1
0 2
228 364 0
189.638 364.855 1
0 2
236 364 0
197.032 364.925 1
0 2
244 364 0
204.521 364.837 1
0 2
252 364 0
212.265 364.714 1
0 2
260 364 0
219.335 362.814 1
0 2
268 364 0
227.734 364.223 1
0 2
276 364 0
235.56 364.752 1
0 2
284 364 0
242.657 365.621 1
0 2
292 364 0
250.383 366.138 1
0 2
300 364 0
259.734 365.54 1
0 2
308 364 0
268.621 365.116 1
0 2
316 364 0
276.786 365.061 1
0 2
324 364 0
285.519 364.896 1
0 2
476 364 0
460.538 363.039 1
0 2
516 364 0
474.198 364.154 1
0 2
524 364 0
481.121 364.645 1
0 2
532 364 0
488.815 364.907 1
0 2
540 364 0
497.703 364.9 1
0 2
548 364 0
506.551 364.586 1
0 2
556 364 0
516.326 363.946 1
0 2
564 364 0
525.788 363.262 1
0 2
572 364 0
535.666 362.474 1
0 2
580 364 0
545.072 362.908 1
0 2
588 364 0
553.419 363.242 1
0 2
596 364 0
562.645 362.718 1
0 2
604 364 0
572.604 362.99 1
0 2
228 372 0
192.585 372.51 1
0 2
236 372 0
198.476 373.164 1
0 2
244 372 0
205.009 373.11 1
0 2
252 372 0
212.674 372.881 1
0 2
260 372 0
219.791 372.026 1
0 2
268 372 0
227.439 372.151 1
0 2
276 372 0
234.951 372.062 1
0 2
284 372 0
242.676 373.338 1
0 2
292 372 0
251.106 373.488 1
0 2
300 372 0
260.45 373.056 1
0 2
308 372 0
268.784 373.03 1
0 2
436 372 0
420.293 371.249 1
0 2
444 372 0
428.441 371.203 1
0 2
452 372 0
436.402 371.269 1
0 2
460 372 0
444.55 371.158 1
0 2
468 372 0
452.599 370.966 1
0 2
476 372 0
460.603 370.955 1
0 2
628 372 0
611.965 371.077 1
0 2
236 380 0
198.928 381.084 1
0 2
244 380 0
206.386 381.064 1
0 2
252 380 0
213.097 380.991 1
0 2
260 380 0
220.661 380.983 1
0 2
268 380 0
228.63 380.928 1
0 2
276 380 0
235.781 380.703 1
0 2
284 380 0
245.166 381.277 1
0 2
292 380 0
252.959 380.63 1
0 2
300 380 0
261.276 380.597 1
0 2
308 380 0
270.082 380.262 1
0 2
396 380 0
380.572 379.219 1
0 2
404 380 0
388.549 379.255 1
0 2
412 380 0
396.539 379.272 1
0 2
420 380 0
404.525 379.269 1
0 2
428 380 0
412.518 379.178 1
0 2
436 380 0
420.563 379.164 1
0 2
444 380 0
428.692 379.051 1
0 2
452 380 0
436.693 379.095 1
0 2
460 380 0
444.679 379.08 1
0 2
556 380 0
540.265 379.06 1
0 2
572 380 0
556.187 378.987 1
0 2
628 380 0
612.1 379.155 1
0 2
252 388 0
214.894 388.47 1
0 2
260 388 0
222.388 389.125 1
0 2
268 388 0
230.521 388.838 1
0 2
276 388 0
238.985 388.507 1
0 2
284 388 0
247.804 388.684 1
0 2
292 388 0
257.926 388.341 1
0 2
300 388 0
267.425 388.311 1
0 2
308 388 0
279.95 387.989 1
0 2
372 388 0
356.684 387.079 1
0 2
436 388 0
420.807 386.728 1
0 2
548 388 0
532.439 386.877 1
0 2
556 388 0
540.409 386.852 1
0 2
564 388 0
548.372 386.844 1
0 2
588 388 0
572.152 386.926 1
0 2
596 388 0
580.097 386.922 1
0 2
268 396 0
236.272 396.228 1
0 2
276 396 0
245.707 394.578 1
0 2
556 396 0
540.42 394.744 1
0 2
564 396 0
548.423 394.783 1
0 2
572 396 0
556.378 394.797 1
0 2
580 396 0
564.198 394.929 1
0 2
588 396 0
572.154 394.907 1
0 2
388 404 0
372.821 402.777 1
0 2
396 404 0
380.813 402.733 1
0 2
556 404 0
540.42 402.743 1
0 2
564 404 0
548.416 402.749 1
0 2
572 404 0
556.392 402.763 1
0 2
588 404 0
572.167 402.836 1
0 2
556 412 0
540.431 410.739 1
0 2
564 412 0
548.41 410.741 1
0 2
572 412 0
556.356 410.765 1
0 2
548 420 0
532.472 418.727 1
0 2
556 420 0
540.459 418.736 1
0 2
564 420 0
548.368 418.701 1
0 2
572 420 0
556.302 418.731 1
0 2
324 428 0
308.799 426.711 1
0 2
332 428 0
316.794 426.718 1
0 2
452 428 0
436.78 426.7 1
0 2
556 428 0
540.403 426.693 1
0 2
564 428 0
548.328 426.645 1
0 2
628 428 0
612.409 426.444 1
0 2
484 436 0
468.707 434.676 1
0 2
492 436 0
476.692 434.675 1
0 2
524 436 0
508.56 434.649 1
0 2
564 436 0
548.314 434.628 1
0 2
596 436 0
580.088 434.594 1
0 2
628 436 0
612.221 434.482 1
0 2
532 444 0
516.511 442.639 1
0 2
252 452 0
236.654 450.897 1
0 2
260 452 0
244.683 450.812 1
0 2
628 452 0
612.047 450.5 1
0 2
628 460 0
612.086 458.515 1
0 2
628 468 0
613.218 466.873 1
